	72
chr10A_Centromere.fasta
chr10A_not_centromere.fasta	0.170926
chr10B_Centromere.fasta	0.0299949	0.178173
chr10B_not_centromere.fasta	0.174408	0.0374354	0.170926
chr11A_Centromere.fasta	0.170926	1	0.164662	0.23011
chr11A_not_centromere.fasta	0.174408	0.129604	0.191731	0.13538		0.263022
chr11B_Centromere.fasta	0.147707	1	0.147707	0.295981	0.0433296	0.295981
chr11B_not_centromere.fasta	0.174408	0.13538	0.186761	0.130979	0.23011	0.0397669	0.263022
chr12A_Centromere.fasta	0.136948	0.191731	0.140258	0.186761	0.132399	0.186761	0.126974	0.186761
chr12A_not_centromere.fasta	0.182269	0.125715	0.182269	0.136948	0.263022	0.125715	0.263022	0.125715	0.182269
chr12B_Centromere.fasta	0.125715	0.191731	0.136948	0.182269	0.142009	0.203604	0.125715	0.170926	0.0121679	0.186761
chr12B_not_centromere.fasta	0.182269	0.133864	0.186761	0.132399	0.263022	0.129604	0.295981	0.1233	0.156619	0.0405854	0.203604
chr13A_Centromere.fasta	0.149777	0.197292	0.154223	0.197292	0.154223	0.197292	0.149777	0.203604	0.136948	0.210897	0.147707	0.219531
chr13A_not_centromere.fasta	0.167688	0.133864	0.174408	0.129604	0.263022	0.136948	0.243761	0.132399	0.182269	0.13538	0.167688	0.140258	0.219531
chr13B_Centromere.fasta	0.133864	0.191731	0.149777	0.191731	0.197292	0.186761	0.149777	0.186761	0.167688	0.197292	0.167688	0.210897	0.0383209	0.203604
chr13B_not_centromere.fasta	0.149777	0.140258	0.174408	0.138572	0.243761	0.12827	0.243761	0.125715	0.170926	0.130979	0.159146	0.132399	0.210897	0.0358575	0.186761
chr14A_Centromere.fasta	0.138572	0.203604	0.147707	0.186761	0.14383	0.197292	0.142009	0.191731	0.126974	0.191731	0.13538	0.178173	0.142009	0.191731	0.156619	0.191731
chr14A_not_centromere.fasta	0.164662	0.129604	0.182269	0.140258	0.23011	0.140258	0.263022	0.13538	0.191731	0.12101	0.186761	0.126974	0.197292	0.13538	0.210897	0.142009	0.161822
chr14B_Centromere.fasta	0.174408	0.263022	0.170926	0.210897	0.186761	0.23011	0.203604	0.219531	0.145727	0.219531	0.167688	0.203604	0.154223	0.203604	0.159146	0.219531	0.0206126	0.170926
chr14B_not_centromere.fasta	0.170926	0.13538	0.174408	0.1233	0.263022	0.126974	0.263022	0.130979	0.161822	0.12214	0.161822	0.13538	0.186761	0.138572	0.186761	0.133864	0.133864	0.0458408	0.197292
chr15A_Centromere.fasta	0.142009	0.219531	0.14383	0.203604	0.132399	0.182269	0.138572	0.219531	0.159146	0.295981	0.151946	0.23011	0.174408	0.23011	0.182269	0.219531	0.124491	0.210897	0.159146	0.164662
chr15A_not_centromere.fasta	0.156619	0.130979	0.170926	0.13538	0.23011	0.149777	0.243761	0.14383	0.182269	0.136948	0.191731	0.13538	0.203604	0.132399	0.210897	0.14383	0.161822	0.130979	0.191731	0.13538	0.197292
chr15B_Centromere.fasta	0.149777	0.182269	0.159146	0.154223	0.138572	0.182269	0.186761	0.174408	0.138572	0.174408	0.12214	0.191731	0.151946	0.182269	0.170926	0.154223	0.149777	0.167688	0.164662	0.151946	0.164662	0.186761
chr15B_not_centromere.fasta	0.159146	0.138572	0.174408	0.133864	0.219531	0.145727	0.23011	0.126974	0.178173	0.126974	0.161822	0.124491	0.203604	0.12827	0.182269	0.124491	0.182269	0.136948	0.210897	0.130979	0.197292	0.0440934	0.159146
chr16A_Centromere.fasta	0.138572	0.219531	0.130979	0.203604	0.142009	0.203604	0.125715	0.210897	0.140258	0.203604	0.142009	0.219531	0.161822	0.197292	0.159146	0.210897	0.11676	0.197292	0.142009	0.191731	0.12101	0.178173	0.167688	0.210897
chr16A_not_centromere.fasta	0.167688	0.140258	0.178173	0.138572	0.219531	0.133864	0.243761	0.12827	0.191731	0.12101	0.164662	0.129604	0.203604	0.14383	0.203604	0.133864	0.170926	0.125715	0.210897	0.126974	0.23011	0.133864	0.167688	0.119909	0.197292
chr16B_Centromere.fasta	0.147707	0.203604	0.154223	0.191731	0.147707	0.203604	0.119909	0.203604	0.13538	0.182269	0.124491	0.219531	0.161822	0.156619	0.164662	0.170926	0.161822	0.178173	0.170926	0.191731	0.161822	0.191731	0.159146	0.191731	0.0319897	0.197292
chr16B_not_centromere.fasta	0.170926	0.132399	0.186761	0.126974	0.263022	0.129604	0.295981	0.1233	0.182269	0.1233	0.186761	0.124491	0.203604	0.14383	0.182269	0.126974	0.186761	0.138572	0.203604	0.132399	0.243761	0.126974	0.178173	0.118834	0.203604	0.0560862	0.197292
chr17A_Centromere.fasta	0.161822	0.203604	0.174408	0.191731	0.170926	0.170926	0.174408	0.186761	0.161822	0.186761	0.182269	0.191731	0.142009	0.203604	0.151946	0.219531	0.161822	0.197292	0.154223	0.156619	0.140258	0.186761	0.182269	0.191731	0.161822	0.178173	0.145727	0.186761
chr17A_not_centromere.fasta	0.164662	0.130979	0.191731	0.136948	0.23011	0.140258	0.243761	0.130979	0.210897	0.130979	0.178173	0.136948	0.219531	0.133864	0.197292	0.138572	0.186761	0.125715	0.219531	0.145727	0.219531	0.136948	0.174408	0.130979	0.203604	0.12827	0.186761	0.13538	0.197292
chr17B_Centromere.fasta	0.136948	0.186761	0.142009	0.191731	0.149777	0.203604	0.145727	0.203604	0.154223	0.197292	0.151946	0.203604	0.164662	0.197292	0.14383	0.186761	0.156619	0.210897	0.156619	0.191731	0.159146	0.191731	0.159146	0.186761	0.132399	0.203604	0.12101	0.191731	0.154223	0.197292
chr17B_not_centromere.fasta	0.164662	0.133864	0.178173	0.13538	0.243761	0.140258	0.263022	0.132399	0.182269	0.132399	0.182269	0.13538	0.203604	0.145727	0.174408	0.136948	0.191731	0.142009	0.210897	0.12827	0.191731	0.13538	0.161822	0.118834	0.243761	0.132399	0.219531	0.125715	0.203604	0.0439391	0.197292
chr18A_Centromere.fasta	0.13538	0.210897	0.145727	0.219531	0.159146	0.219531	0.13538	0.210897	0.138572	0.191731	0.151946	0.191731	0.151946	0.203604	0.178173	0.203604	0.130979	0.186761	0.161822	0.186761	0.145727	0.182269	0.149777	0.182269	0.14383	0.191731	0.149777	0.197292	0.167688	0.182269	0.161822	0.178173
chr18A_not_centromere.fasta	0.174408	0.147707	0.182269	0.133864	0.210897	0.130979	0.263022	0.138572	0.178173	0.132399	0.191731	0.142009	0.191731	0.142009	0.186761	0.12827	0.191731	0.138572	0.210897	0.132399	0.203604	0.13538	0.151946	0.142009	0.203604	0.133864	0.197292	0.13538	0.197292	0.138572	0.161822	0.13538	0.182269
chr18B_Centromere.fasta	0.140258	0.191731	0.147707	0.182269	0.159146	0.191731	0.174408	0.191731	0.138572	0.186761	0.126974	0.203604	0.149777	0.182269	0.14383	0.174408	0.164662	0.174408	0.178173	0.167688	0.191731	0.210897	0.13538	0.167688	0.142009	0.174408	0.136948	0.161822	0.147707	0.197292	0.140258	0.178173	0.174408	0.182269
chr18B_not_centromere.fasta	0.161822	0.136948	0.182269	0.126974	0.263022	0.140258	0.243761	0.129604	0.167688	0.12827	0.164662	0.133864	0.203604	0.132399	0.219531	0.129604	0.164662	0.124491	0.219531	0.12101	0.219531	0.130979	0.167688	0.142009	0.219531	0.138572	0.182269	0.142009	0.197292	0.14383	0.178173	0.14383	0.182269	0.0408631	0.174408
chr1A_Centromere.fasta	0.12827	0.191731	0.11197	0.197292	0.161822	0.182269	0.159146	0.186761	0.136948	0.178173	0.13538	0.186761	0.147707	0.186761	0.136948	0.170926	0.151946	0.174408	0.170926	0.174408	0.164662	0.178173	0.149777	0.174408	0.132399	0.174408	0.132399	0.178173	0.147707	0.182269	0.154223	0.186761	0.132399	0.178173	0.132399	0.167688
chr1A_not_centromere.fasta	0.210897	0.126974	0.203604	0.130979	1	0.140258	1	0.138572	0.197292	0.132399	0.197292	0.142009	0.219531	0.136948	0.210897	0.138572	0.186761	0.130979	0.203604	0.132399	0.263022	0.138572	0.178173	0.140258	0.210897	0.13538	0.203604	0.13538	0.197292	0.133864	0.203604	0.149777	0.203604	0.136948	0.197292	0.133864	0.178173
chr1B_Centromere.fasta	0.140258	0.203604	0.132399	0.203604	0.219531	0.191731	0.219531	0.186761	0.164662	0.203604	0.151946	0.191731	0.159146	0.203604	0.154223	0.197292	0.156619	0.191731	0.149777	0.186761	0.133864	0.191731	0.186761	0.174408	0.154223	0.203604	0.156619	0.191731	0.159146	0.182269	0.142009	0.191731	0.197292	0.210897	0.147707	0.197292	0.124491	0.186761
chr1B_not_centromere.fasta	0.182269	0.132399	0.191731	0.1233	0.243761	0.130979	0.295981	0.133864	0.170926	0.138572	0.182269	0.126974	0.210897	0.130979	0.197292	0.133864	0.182269	0.12827	0.191731	0.129604	0.203604	0.136948	0.167688	0.12101	0.197292	0.124491	0.191731	0.125715	0.182269	0.132399	0.203604	0.129604	0.219531	0.142009	0.186761	0.13538	0.174408	0.0401734	0.197292
chr2A_Centromere.fasta	0.124491	0.170926	0.11478	0.167688	0.14383	0.164662	0.14383	0.161822	0.133864	0.167688	0.12101	0.178173	0.13538	0.161822	0.140258	0.164662	0.13538	0.182269	0.145727	0.164662	0.107658	0.182269	0.126974	0.159146	0.138572	0.164662	0.156619	0.164662	0.154223	0.182269	0.12827	0.161822	0.145727	0.164662	0.124491	0.167688	0.132399	0.178173	0.154223	0.170926
chr2A_not_centromere.fasta	0.170926	0.129604	0.182269	0.133864	0.295981	0.12827	0.295981	0.12214	0.186761	0.126974	0.186761	0.125715	0.197292	0.130979	0.197292	0.13538	0.182269	0.133864	0.219531	0.132399	0.203604	0.130979	0.178173	0.129604	0.191731	0.130979	0.191731	0.129604	0.197292	0.13538	0.197292	0.1233	0.197292	0.130979	0.182269	0.13538	0.186761	0.136948	0.191731	0.12827	0.167688
chr2B_Centromere.fasta	0.132399	0.203604	0.11197	0.210897	0.154223	0.174408	0.13538	0.182269	0.145727	0.174408	0.14383	0.191731	0.13538	0.191731	0.136948	0.182269	0.147707	0.197292	0.14383	0.182269	0.1233	0.191731	0.170926	0.178173	0.156619	0.182269	0.170926	0.197292	0.151946	0.210897	0.140258	0.167688	0.151946	0.174408	0.140258	0.182269	0.124491	0.210897	0.151946	0.197292	0.0157789	0.170926
chr2B_not_centromere.fasta	0.178173	0.125715	0.191731	0.118834	0.243761	0.12101	0.295981	0.119909	0.186761	0.140258	0.191731	0.12101	0.197292	0.132399	0.186761	0.133864	0.186761	0.142009	0.203604	0.12214	0.243761	0.126974	0.170926	0.126974	0.203604	0.126974	0.178173	0.117785	0.170926	0.125715	0.182269	0.12827	0.210897	0.119909	0.178173	0.129604	0.178173	0.130979	0.197292	0.129604	0.164662	0.0399018	0.197292
chr3A_Centromere.fasta	0.132399	0.197292	0.156619	0.219531	0.263022	0.210897	0.178173	0.197292	0.164662	0.219531	0.174408	0.197292	0.182269	0.210897	0.164662	0.203604	0.178173	0.197292	0.151946	0.210897	0.23011	0.197292	0.219531	0.186761	0.161822	0.191731	0.167688	0.219531	0.197292	0.178173	0.12827	0.243761	0.167688	0.203604	0.178173	0.191731	0.174408	0.219531	0.147707	0.23011	0.156619	0.210897	0.147707	0.203604
chr3A_not_centromere.fasta	0.178173	0.133864	0.191731	0.138572	0.295981	0.138572	1	0.14383	0.186761	0.14383	0.210897	0.140258	0.219531	0.151946	0.197292	0.156619	0.186761	0.136948	0.210897	0.147707	0.263022	0.132399	0.186761	0.140258	0.219531	0.129604	0.23011	0.119909	0.186761	0.132399	0.210897	0.147707	0.219531	0.149777	0.197292	0.149777	0.203604	0.125715	0.203604	0.133864	0.191731	0.140258	0.203604	0.130979	0.210897
chr3B_Centromere.fasta	0.124491	0.182269	0.138572	0.170926	0.170926	0.170926	0.159146	0.170926	0.132399	0.203604	0.124491	0.178173	0.149777	0.178173	0.174408	0.161822	0.138572	0.174408	0.161822	0.154223	0.11197	0.167688	0.145727	0.156619	0.142009	0.159146	0.129604	0.161822	0.178173	0.159146	0.149777	0.156619	0.13538	0.174408	0.156619	0.154223	0.126974	0.219531	0.138572	0.191731	0.115759	0.186761	0.118834	0.167688	0.0949813	0.186761
chr3B_not_centromere.fasta	0.156619	0.136948	0.178173	0.125715	1	0.1233	0.295981	0.125715	0.186761	0.12101	0.178173	0.125715	0.210897	0.132399	0.167688	0.124491	0.186761	0.12827	0.203604	0.125715	0.203604	0.13538	0.170926	0.119909	0.219531	0.126974	0.197292	0.1233	0.161822	0.12827	0.197292	0.119909	0.182269	0.136948	0.191731	0.12827	0.170926	0.129604	0.174408	0.12214	0.167688	0.12101	0.174408	0.115759	0.186761	0.057671	0.159146
chr4A_Centromere.fasta	0.132399	0.186761	0.142009	0.178173	0.161822	0.170926	0.149777	0.178173	0.145727	0.170926	0.140258	0.186761	0.170926	0.174408	0.154223	0.161822	0.14383	0.174408	0.191731	0.174408	0.108487	0.170926	0.182269	0.161822	0.151946	0.182269	0.156619	0.170926	0.164662	0.191731	0.142009	0.164662	0.13538	0.186761	0.154223	0.197292	0.136948	0.186761	0.167688	0.191731	0.102997	0.174408	0.106047	0.186761	0.182269	0.191731	0.115759	0.178173
chr4A_not_centromere.fasta	0.170926	0.130979	0.186761	0.140258	0.295981	0.145727	1	0.133864	0.186761	0.145727	0.182269	0.136948	0.197292	0.149777	0.203604	0.142009	0.191731	0.140258	0.23011	0.142009	0.219531	0.133864	0.178173	0.133864	0.219531	0.126974	0.23011	0.124491	0.210897	0.14383	0.219531	0.124491	0.203604	0.145727	0.219531	0.13538	0.191731	0.125715	0.210897	0.136948	0.174408	0.124491	0.203604	0.130979	0.243761	0.13538	0.170926	0.13538	0.186761
chr4B_Centromere.fasta	0.133864	0.23011	0.140258	0.197292	0.161822	0.203604	0.149777	0.182269	0.14383	0.197292	0.133864	0.203604	0.170926	0.182269	0.182269	0.182269	0.149777	0.191731	0.186761	0.191731	0.112887	0.182269	0.170926	0.178173	0.138572	0.186761	0.136948	0.197292	0.182269	0.210897	0.142009	0.186761	0.140258	0.203604	0.161822	0.23011	0.145727	0.210897	0.159146	0.210897	0.102997	0.210897	0.106845	0.219531	0.182269	0.210897	0.104495	0.210897	0.0171265	0.197292
chr4B_not_centromere.fasta	0.182269	0.136948	0.191731	0.124491	0.295981	0.112887	1	0.124491	0.186761	0.129604	0.191731	0.130979	0.210897	0.136948	0.186761	0.138572	0.186761	0.12827	0.210897	0.124491	0.197292	0.145727	0.178173	0.125715	0.203604	0.130979	0.191731	0.115759	0.167688	0.130979	0.210897	0.138572	0.23011	0.136948	0.178173	0.136948	0.182269	0.129604	0.178173	0.12214	0.161822	0.124491	0.178173	0.115759	0.23011	0.133864	0.191731	0.11478	0.178173	0.0404475	0.197292
chr5A_Centromere.fasta	0.145727	0.219531	0.151946	0.219531	0.178173	0.219531	0.164662	0.219531	0.13538	0.191731	0.13538	0.23011	0.159146	0.197292	0.161822	0.191731	0.154223	0.178173	0.170926	0.203604	0.170926	0.178173	0.178173	0.182269	0.124491	0.197292	0.12827	0.210897	0.161822	0.186761	0.159146	0.197292	0.161822	0.182269	0.149777	0.197292	0.147707	0.263022	0.154223	0.23011	0.147707	0.203604	0.159146	0.243761	0.151946	0.23011	0.174408	0.23011	0.159146	0.243761	0.156619	0.219531
chr5A_not_centromere.fasta	0.174408	0.1233	0.182269	0.125715	0.295981	0.136948	1	0.13538	0.186761	0.12101	0.186761	0.136948	0.210897	0.136948	0.203604	0.12827	0.178173	0.130979	0.210897	0.133864	0.203604	0.13538	0.178173	0.132399	0.203604	0.1233	0.178173	0.13538	0.186761	0.13538	0.186761	0.133864	0.203604	0.133864	0.186761	0.149777	0.178173	0.133864	0.186761	0.138572	0.178173	0.12101	0.210897	0.1233	0.210897	0.129604	0.197292	0.108487	0.174408	0.12827	0.210897	0.126974	0.197292
chr5B_Centromere.fasta	0.14383	0.197292	0.154223	0.197292	0.174408	0.197292	0.159146	0.197292	0.130979	0.186761	0.136948	0.203604	0.159146	0.178173	0.159146	0.174408	0.174408	0.170926	0.178173	0.182269	0.167688	0.167688	0.178173	0.174408	0.126974	0.191731	0.129604	0.191731	0.156619	0.186761	0.151946	0.182269	0.161822	0.178173	0.149777	0.186761	0.149777	0.219531	0.151946	0.203604	0.149777	0.186761	0.164662	0.210897	0.170926	0.210897	0.170926	0.203604	0.161822	0.210897	0.156619	0.203604	0.00989629	0.182269
chr5B_not_centromere.fasta	0.186761	0.133864	0.197292	0.119909	0.23011	0.13538	0.295981	0.130979	0.182269	0.13538	0.197292	0.136948	0.243761	0.142009	0.203604	0.140258	0.182269	0.133864	0.203604	0.132399	0.23011	0.140258	0.164662	0.133864	0.219531	0.130979	0.191731	0.125715	0.197292	0.140258	0.203604	0.136948	0.219531	0.136948	0.197292	0.142009	0.197292	0.12827	0.203604	0.129604	0.174408	0.1233	0.197292	0.12101	0.263022	0.0882637	0.178173	0.115759	0.167688	0.13538	0.178173	0.119909	0.23011	0.0475157	0.203604
chr6A_Centromere.fasta	0.156619	0.23011	0.174408	0.23011	0.170926	0.178173	0.170926	0.23011	0.154223	0.197292	0.170926	0.210897	0.136948	0.197292	0.154223	0.197292	0.154223	0.197292	0.151946	0.219531	0.145727	0.178173	0.125715	0.191731	0.130979	0.191731	0.140258	0.210897	0.108487	0.219531	0.167688	0.219531	0.154223	0.197292	0.147707	0.203604	0.154223	0.210897	0.133864	0.203604	0.14383	0.186761	0.156619	0.178173	0.170926	0.186761	0.154223	0.203604	0.159146	0.203604	0.145727	0.191731	0.156619	0.203604	0.161822	0.203604
chr6A_not_centromere.fasta	0.174408	0.13538	0.191731	0.133864	1	0.132399	0.295981	0.130979	0.186761	0.142009	0.191731	0.129604	0.210897	0.140258	0.197292	0.136948	0.197292	0.13538	0.219531	0.132399	0.243761	0.142009	0.197292	0.142009	0.219531	0.1233	0.219531	0.136948	0.191731	0.138572	0.197292	0.149777	0.210897	0.136948	0.210897	0.13538	0.186761	0.129604	0.186761	0.142009	0.186761	0.132399	0.197292	0.1233	0.210897	0.132399	0.186761	0.125715	0.186761	0.133864	0.219531	0.130979	0.203604	0.129604	0.186761	0.129604	0.182269
chr6B_Centromere.fasta	0.138572	0.197292	0.138572	0.178173	0.136948	0.170926	0.136948	0.164662	0.12101	0.159146	0.126974	0.167688	0.126974	0.161822	0.130979	0.149777	0.133864	0.161822	0.138572	0.140258	0.161822	0.156619	0.154223	0.161822	0.136948	0.159146	0.126974	0.170926	0.130979	0.167688	0.151946	0.156619	0.117785	0.159146	0.113823	0.151946	0.117785	0.203604	0.159146	0.186761	0.126974	0.174408	0.132399	0.167688	0.164662	0.203604	0.119909	0.164662	0.124491	0.203604	0.136948	0.186761	0.145727	0.164662	0.13538	0.170926	0.140258	0.167688
chr6B_not_centromere.fasta	0.164662	0.13538	0.182269	0.136948	0.243761	0.12827	1	0.129604	0.186761	0.130979	0.170926	0.129604	0.23011	0.147707	0.182269	0.130979	0.182269	0.13538	0.197292	0.118834	0.186761	0.147707	0.174408	0.136948	0.203604	0.129604	0.191731	0.126974	0.178173	0.142009	0.178173	0.12214	0.263022	0.138572	0.182269	0.129604	0.186761	0.13538	0.191731	0.130979	0.170926	0.130979	0.203604	0.1233	0.197292	0.140258	0.191731	0.11197	0.167688	0.138572	0.203604	0.113823	0.23011	0.130979	0.210897	0.145727	0.23011	0.0415686	0.178173
chr7A_Centromere.fasta	0.12214	0.174408	0.12214	0.167688	0.154223	0.182269	0.145727	0.161822	0.119909	0.167688	0.124491	0.178173	0.145727	0.182269	0.182269	0.154223	0.125715	0.167688	0.14383	0.151946	0.149777	0.161822	0.130979	0.164662	0.125715	0.159146	0.129604	0.164662	0.147707	0.170926	0.159146	0.164662	0.1233	0.167688	0.151946	0.147707	0.130979	0.167688	0.145727	0.159146	0.126974	0.182269	0.156619	0.182269	0.167688	0.178173	0.12214	0.159146	0.12101	0.167688	0.124491	0.164662	0.154223	0.161822	0.149777	0.167688	0.14383	0.178173	0.1233	0.170926
chr7A_not_centromere.fasta	0.186761	0.133864	0.197292	0.147707	0.263022	0.154223	0.295981	0.138572	0.197292	0.132399	0.203604	0.149777	0.219531	0.140258	0.263022	0.142009	0.191731	0.140258	0.219531	0.136948	0.263022	0.14383	0.210897	0.170926	0.219531	0.130979	0.178173	0.147707	0.197292	0.138572	0.219531	0.149777	0.23011	0.147707	0.243761	0.145727	0.203604	0.130979	0.219531	0.14383	0.191731	0.14383	0.191731	0.140258	0.210897	0.156619	0.191731	0.138572	0.186761	0.138572	0.210897	0.138572	0.219531	0.138572	0.197292	0.14383	0.219531	0.136948	0.182269	0.145727	0.191731
chr7B_Centromere.fasta	0.13538	0.191731	0.13538	0.210897	0.147707	0.203604	0.145727	0.197292	0.151946	0.186761	0.156619	0.197292	0.132399	0.203604	0.145727	0.197292	0.138572	0.191731	0.167688	0.197292	0.191731	0.197292	0.156619	0.191731	0.159146	0.203604	0.178173	0.203604	0.156619	0.210897	0.147707	0.210897	0.161822	0.186761	0.147707	0.186761	0.140258	0.191731	0.145727	0.210897	0.132399	0.203604	0.12827	0.197292	0.178173	0.210897	0.164662	0.197292	0.149777	0.210897	0.140258	0.210897	0.145727	0.197292	0.14383	0.23011	0.14383	0.191731	0.126974	0.23011	0.12101	0.23011
chr7B_not_centromere.fasta	0.170926	0.138572	0.186761	0.132399	0.295981	0.136948	0.263022	0.12101	0.186761	0.138572	0.191731	0.133864	0.243761	0.138572	0.210897	0.133864	0.197292	0.140258	0.210897	0.129604	0.197292	0.136948	0.219531	0.140258	0.203604	0.132399	0.203604	0.12827	0.23011	0.133864	0.203604	0.138572	0.243761	0.145727	0.203604	0.133864	0.186761	0.124491	0.197292	0.126974	0.182269	0.126974	0.203604	0.130979	0.191731	0.133864	0.186761	0.118834	0.186761	0.130979	0.210897	0.126974	0.23011	0.132399	0.210897	0.12101	0.23011	0.12214	0.170926	0.12827	0.186761	0.0400373	0.203604
chr8A_Centromere.fasta	0.118834	0.219531	0.12214	0.210897	0.13538	0.23011	0.125715	0.186761	0.145727	0.178173	0.12214	0.219531	0.151946	0.159146	0.159146	0.170926	0.124491	0.174408	0.156619	0.174408	0.142009	0.186761	0.14383	0.174408	0.145727	0.167688	0.149777	0.191731	0.170926	0.178173	0.149777	0.186761	0.129604	0.197292	0.132399	0.182269	0.138572	0.219531	0.147707	0.197292	0.12827	0.203604	0.13538	0.203604	0.154223	0.263022	0.129604	0.197292	0.129604	0.197292	0.140258	0.219531	0.142009	0.203604	0.145727	0.219531	0.151946	0.197292	0.133864	0.191731	0.12827	0.263022	0.142009	0.23011
chr8A_not_centromere.fasta	0.178173	0.14383	0.203604	0.14383	1	0.145727	1	0.145727	0.191731	0.142009	0.182269	0.13538	0.23011	0.149777	0.182269	0.140258	0.191731	0.161822	0.219531	0.145727	0.263022	0.13538	0.170926	0.142009	0.203604	0.142009	0.219531	0.0628995	0.210897	0.145727	0.197292	0.140258	0.219531	0.142009	0.186761	0.13538	0.186761	0.149777	0.186761	0.129604	0.178173	0.136948	0.197292	0.138572	0.210897	0.13538	0.174408	0.132399	0.203604	0.136948	0.203604	0.140258	0.243761	0.140258	0.219531	0.14383	0.210897	0.13538	0.182269	0.14383	0.182269	0.164662	0.197292	0.132399	0.203604
chr8B_Centromere.fasta	0.133864	0.203604	0.132399	0.219531	0.159146	0.219531	0.170926	0.186761	0.151946	0.197292	0.161822	0.210897	0.151946	0.191731	0.170926	0.178173	0.147707	0.174408	0.147707	0.182269	0.170926	0.186761	0.159146	0.178173	0.159146	0.178173	0.186761	0.203604	0.159146	0.170926	0.142009	0.182269	0.167688	0.178173	0.174408	0.186761	0.156619	0.203604	0.151946	0.191731	0.154223	0.191731	0.140258	0.174408	0.145727	0.191731	0.145727	0.182269	0.174408	0.23011	0.178173	0.210897	0.164662	0.182269	0.174408	0.219531	0.167688	0.203604	0.154223	0.191731	0.125715	0.203604	0.130979	0.197292	0.101551	0.203604
chr8B_not_centromere.fasta	0.156619	0.13538	0.182269	0.138572	0.243761	0.142009	0.243761	0.125715	0.197292	0.129604	0.167688	0.136948	0.219531	0.140258	0.186761	0.136948	0.167688	0.140258	0.219531	0.140258	0.210897	0.140258	0.164662	0.124491	0.210897	0.0981375	0.197292	0.13538	0.203604	0.12101	0.191731	0.1233	0.197292	0.142009	0.203604	0.129604	0.191731	0.151946	0.186761	0.125715	0.170926	0.145727	0.197292	0.124491	0.243761	0.142009	0.145727	0.117785	0.174408	0.12827	0.182269	0.129604	0.219531	0.138572	0.210897	0.145727	0.243761	0.142009	0.182269	0.132399	0.159146	0.149777	0.210897	0.126974	0.178173	0.064825	0.186761
chr9A_Centromere.fasta	0.140258	0.191731	0.14383	0.186761	0.219531	0.210897	0.182269	0.182269	0.156619	0.182269	0.140258	0.203604	0.167688	0.178173	0.138572	0.174408	0.138572	0.167688	0.140258	0.174408	0.151946	0.203604	0.145727	0.167688	0.151946	0.167688	0.140258	0.182269	0.151946	0.186761	0.136948	0.164662	0.170926	0.174408	0.12827	0.182269	0.142009	0.197292	0.142009	0.186761	0.130979	0.167688	0.151946	0.186761	0.159146	0.243761	0.161822	0.182269	0.140258	0.186761	0.14383	0.186761	0.138572	0.174408	0.138572	0.191731	0.159146	0.203604	0.140258	0.178173	0.132399	0.219531	0.142009	0.186761	0.138572	0.191731	0.151946	0.174408
chr9A_not_centromere.fasta	0.178173	0.12827	0.186761	0.12827	0.295981	0.12827	0.295981	0.138572	0.182269	0.126974	0.186761	0.126974	0.191731	0.130979	0.210897	0.133864	0.186761	0.129604	0.219531	0.12827	0.23011	0.1233	0.182269	0.132399	0.219531	0.129604	0.191731	0.12101	0.178173	0.138572	0.197292	0.14383	0.203604	0.142009	0.197292	0.142009	0.186761	0.133864	0.191731	0.130979	0.174408	0.126974	0.197292	0.12827	0.219531	0.13538	0.191731	0.126974	0.174408	0.133864	0.203604	0.12827	0.219531	0.126974	0.197292	0.13538	0.182269	0.138572	0.178173	0.13538	0.161822	0.133864	0.210897	0.136948	0.203604	0.138572	0.203604	0.136948	0.191731
chr9B_Centromere.fasta	0.13538	0.182269	0.142009	0.174408	0.23011	0.219531	0.191731	0.182269	0.132399	0.191731	0.14383	0.197292	0.126974	0.182269	0.156619	0.178173	0.13538	0.178173	0.142009	0.182269	0.191731	0.191731	0.145727	0.178173	0.156619	0.186761	0.164662	0.182269	0.159146	0.203604	0.13538	0.178173	0.149777	0.191731	0.142009	0.203604	0.151946	0.203604	0.151946	0.186761	0.142009	0.186761	0.149777	0.182269	0.151946	0.191731	0.145727	0.182269	0.130979	0.197292	0.140258	0.197292	0.14383	0.186761	0.147707	0.197292	0.151946	0.210897	0.132399	0.210897	0.129604	0.203604	0.142009	0.219531	0.154223	0.210897	0.149777	0.203604	0.0716227	0.191731
chr9B_not_centromere.fasta	0.170926	0.140258	0.186761	0.126974	0.243761	0.140258	0.295981	0.117785	0.191731	0.14383	0.178173	0.14383	0.23011	0.138572	0.197292	0.129604	0.197292	0.140258	0.243761	0.130979	0.219531	0.140258	0.164662	0.130979	0.210897	0.136948	0.186761	0.138572	0.197292	0.129604	0.178173	0.145727	0.243761	0.126974	0.186761	0.13538	0.191731	0.133864	0.203604	0.133864	0.167688	0.12827	0.203604	0.1233	0.191731	0.138572	0.174408	0.12827	0.219531	0.140258	0.243761	0.113823	0.243761	0.130979	0.219531	0.129604	0.23011	0.130979	0.174408	0.130979	0.170926	0.140258	0.210897	0.12827	0.210897	0.133864	0.191731	0.136948	0.197292	0.043179	0.219531
