PGT21_000418	0.455813666667	0.0	0.0	0.0	0.0	0.0	0.708628666667	0.0	0
PGT21_000528	0.915239666667	0.0	0.0	0.0	0.0	0.0	0.0	0.0	0
PGT21_000952	0.0	0.0	0.0	0.0	0.0	0.0	0.0	0.0410553333333	0
PGT21_001043	0.0	0.0	0.0	0.0	0.0	0.243750333333	0.0	0.0	0
PGT21_001692	1.40296466667	0.0	0.0	0.0	0.0	0.0	0.0	0.0	0
PGT21_001702	4.56637666667	0.296235333333	0.0	0.0	0.0	0.219828	0.464655	1.69131	762
PGT21_001702	0.248239666667	0.0237956666667	0.0	0.0	0.0	0.0675303333333	0.0	0.198844	762
PGT21_001892	0.208402666667	0.0	0.0	0.0	0.0	0.0	0.0	0.0	0
PGT21_002162	601.352824333	11.7598673333	95.5692963333	391.456509333	345.109609333	376.973737667	317.742532333	210.770873	18
PGT21_002413	67.368072	26.82719	24.6592196667	51.7105446667	73.4851503333	65.649786	68.724431	45.8956316667	551
PGT21_002428	10.855206	2.98871166667	7.50607033333	3.43484333333	3.705469	3.59791	6.08638866667	4.933766	73
PGT21_002480	0.416948666667	0.0	0.0	0.0	0.0	0.0	0.0	0.0	1666
PGT21_002794	0.427768666667	0.0	0.0	0.0	0.0	0.0	0.0	0.0	0
PGT21_002949	1.060366	2.22815466667	0.0	0.0	1.63860833333	1.11484966667	0.435458666667	0.131867333333	0
PGT21_002970	0.192919666667	0.0	0.0	0.0	0.0	0.0	0.0	0.03862	0
PGT21_002991	10.6322833333	3.83027233333	0.0	0.0	4.65949033333	4.88915433333	2.56938866667	1.77990266667	0
PGT21_003048	0.0	0.296463333333	0.0	392.270928333	0.0	0.0	0.0	0.0	2075
PGT21_003236	0.554661333333	0.0	0.0	0.0	0.0	0.219533666667	0.0	0.200599333333	0
PGT21_003253	0.075764	0.0	0.0	0.0	0.0	0.0	0.0	0.0	0
PGT21_003260	0.145293666667	0.0	0.0	0.0	0.0	0.0	0.0	0.0	0
PGT21_003342	1.805223	0.978807	0.0	0.0	0.0	0.184752333333	0.856432333333	0.689408	448
PGT21_003346	0.158461333333	0.0396166666667	0.0	0.0	0.0	0.0	0.0	0.0	0
PGT21_003734	2.31296266667	0.00978866666667	0.0	1.08003066667	0.0	0.640309	1.53052833333	4.15441833333	0
PGT21_003758	0.0	0.0279116666667	0.0	0.0	0.0	0.0	0.371712666667	0.0	434
PGT21_003888	0.0	0.315375	0.0	0.0	0.0	0.0	0.0	0.0	0
PGT21_003896	0.107923333333	0.206998666667	0.0	0.0	0.0	0.741746	0.0	0.0	0
PGT21_004177	3.19072666667	27.713422	13.3461033333	3.30187866667	2.421854	0.0614706666667	0.210811	0.524482	0
PGT21_004295	0.565381666667	0.0	0.0	2.55649533333	0.0	0.182396666667	0.228465	0.219779	154
PGT21_004357	0.278359666667	0.0	0.0	0.0	0.0	0.0	0.0	0.0	0
PGT21_004388	0.0	0.0	0.0	0.0	0.0	0.0	0.0	0.335976666667	1040
PGT21_004495	8.06137566667	0.031023	0.0	0.0	0.0	0.0	0.0	0.0204106666667	0
PGT21_004573	0.0	0.0	15.7645446667	7.49334366667	0.0	0.0	0.0	0.0	0
PGT21_004747	0.0	0.0	0.0	0.0	0.0	0.147692666667	0.0	0.0	0
PGT21_004808	2.91113033333	9.80812433333	0.0	0.0	0.856332	1.89806766667	2.09258933333	1.64947233333	342
PGT21_004879	0.177409	0.580708666667	0.0	0.0	0.0	0.0	0.0	0.110727	0
PGT21_004989	0.439789333333	0.0	0.0	0.0	0.0	0.0	0.0	0.0	0
PGT21_005033	0.023422	0.00907233333333	0.0	0.0	0.0	0.0	0.0	0.0	0
PGT21_005107	0.0	0.0232266666667	0.0	0.0	0.0	0.0	0.111491	0.0	0
PGT21_005127	48.01875	32.8896643333	8.51085166667	3.98088466667	13.9137263333	13.0172776667	21.3348793333	31.303498	783
PGT21_005156	0.0	0.0	0.0	0.0	0.0	0.0	0.0	3.584758	3
PGT21_005196	0.014736	0.0	0.0	0.0	0.0	0.0	0.0	0.0	0
PGT21_005242	0.021559	0.0160866666667	0.0	0.0	0.0	0.0	0.0	0.0	0
PGT21_005270	0.0561046666667	5.71396833333	0.0	0.0	0.0	0.0	0.0	0.0	0
PGT21_005344	0.0168616666667	0.0	0.0	0.0	0.0	0.0	0.0	0.0	0
PGT21_005398	0.0430686666667	0.0	0.0	0.0	0.0	0.0	0.0	0.0	0
PGT21_005490	1.52988133333	33.23689	0.0	0.0	0.0	38.9639206667	72.430815	84.374562	161
PGT21_005580	16.2005893333	3.18056033333	6.958558	6.21680266667	12.7413043333	14.1079236667	10.07751	7.77071266667	0
PGT21_005644	2.50176933333	0.148386	0.0	0.0	0.0	0.0	0.0	0.0	0
PGT21_005645	0.0	0.0742943333333	0.0	0.0	0.0	0.0	0.624016333333	0.0	0
PGT21_005816	0.140695	0.0	0.0	0.0	0.0	0.0	0.0	0.0	0
PGT21_005844	0.236107333333	0.0784873333333	0.0	0.0	0.0	0.0	0.298636333333	0.492565	0
PGT21_005960	8.08169466667	4.330857	1.26765266667	0.366071	3.71120033333	4.94244466667	5.424213	4.655222	0
PGT21_006226	50.7359106667	107.272673	9.41917666667	11.8147053333	21.1989236667	22.7854563333	26.7155826667	38.8775716667	255
PGT21_006259	23.3449753333	0.289952333333	0.0	0.0	0.0	5.530033	13.497932	30.9304913333	679
PGT21_006352	0.610448666667	0.565159	0.0	0.0	0.0	0.0	0.0	0.318575666667	0
PGT21_006404	1.926718	2.59668533333	0.0	0.0	0.905883	1.597815	1.489382	2.89056533333	164
PGT21_006456	5.306107	1.80699866667	0.0	2.90090133333	1.66727933333	3.43471733333	3.338411	7.793033	0
PGT21_006470	0.472087	0.0	0.0	0.0	0.0	0.0	0.0	0.0	0
PGT21_006685	1.57653733333	0.0	0.0	0.0	0.0	0.0	0.390858666667	1.23990233333	0
PGT21_006724	1.84520933333	2.25030133333	3.92344233333	3.90971066667	1.70456766667	7.72988033333	4.60445533333	3.97635033333	178
PGT21_007091	5.77801833333	0.00818366666667	0.0	0.0	0.0	0.437891	4.59254566667	17.7133576667	8
PGT21_007100	0.0	0.0	0.0	0.0	0.0	0.0	0.0	0.0491546666667	0
PGT21_007218	0.063452	0.0	0.0	0.0	0.0	0.0	0.0	0.0	0
PGT21_007292	0.318724666667	0.009362	0.0	0.0	0.0	0.0	0.0	0.0	0
PGT21_007325	0.0191356666667	0.0	0.0	0.0	0.0	0.0	0.0	0.0814313333333	0
PGT21_007574	120.935598333	4.725885	0.0	1.473672	4.50958666667	8.47512433333	15.5157536667	31.3298133333	298
PGT21_007585	0.110203666667	0.119649666667	41.7875873333	0.0	0.0	0.0	0.0	0.0	0
PGT21_007628	12.9914656667	2.83376433333	1.42027466667	2.434724	6.229329	6.76062233333	6.152113	7.087249	0
PGT21_007641	1.34305	0.11561	0.0	0.0	0.0	1.38754866667	3.34709	3.39294033333	636
PGT21_007888	3.22627466667	581.656454333	13.777208	2.32755533333	4.387452	0.632983666667	1.68653266667	2.80553533333	0
PGT21_007905	0.717947333333	0.638576	0.0	0.0	0.0	0.0	0.0	0.0	0
PGT21_007905	0.0	0.742441666667	0.0	0.0	0.0	0.0	0.0	0.476621	0
PGT21_007934	0.0	0.0	0.0	0.0	0.0	0.0	0.0	0.176327	286
PGT21_008205	3.28080333333	0.399923333333	0.0	0.0	0.0	0.758604	4.21774733333	3.76221866667	502
PGT21_008227	0.0524046666667	0.0	0.0	0.0	0.0	0.0	0.0	0.0	695
PGT21_008564	0.168207666667	0.0	0.0	0.0	0.0	0.0	0.0	0.0	0
PGT21_008573	1.71762433333	1.58764766667	0.0	0.0	0.0	1.51730833333	1.81795466667	0.0	89
PGT21_008573	0.820509666667	0.714709333333	2.748971	0.0	0.0	0.570534666667	0.9566	3.669074	89
PGT21_008573	1.12240766667	0.769398666667	0.0	0.0	0.641762333333	0.0	0.0	0.0	89
PGT21_008839	0.0298196666667	0.0	0.0	0.0	0.0	0.0	0.0	0.0	0
PGT21_008874	0.625083	0.005343	0.0	0.0	0.0	0.0	0.0	0.0	0
PGT21_009068	2.85368266667	0.147633333333	0.0	5.33486333333	2.28912833333	3.68635466667	5.04391466667	7.90981766667	425
PGT21_009089	0.0	0.0187156666667	0.0	0.0	0.0	0.0	0.0	0.0	0
PGT21_009104	36.2701673333	4.16218166667	0.0	0.0	34.0539876667	45.2211493333	68.342139	56.7100653333	0
PGT21_009113	2.75872466667	0.145744333333	0.0	0.0	0.0	0.0	0.480564333333	0.0	0
PGT21_009164	0.0827716666667	0.0	0.0	0.0	0.0	0.0	0.0681063333333	0.0	588
PGT21_009243	0.0619356666667	0.0	0.0	0.0	0.0	0.0	0.0	0.0	0
PGT21_009288	0.16724	0.0	0.0	0.0	0.0	0.0	0.0	0.0	0
PGT21_009514	0.894277	6.299887	0.0	0.0	0.0	3.17990166667	0.0	15.1944393333	81
PGT21_009573	0.0447573333333	0.0	0.0	0.0	0.0	0.0	0.0	0.0	0
PGT21_009728	0.166587666667	0.0	0.0	0.0	0.0	0.0	0.0	0.0	0
PGT21_009828	1.13407833333	0.677117	0.0	0.0	0.0	0.0	0.0	0.0	294
PGT21_010135	0.140733	0.0	0.0	0.0	0.0	0.0	0.0	0.0	0
PGT21_010150	0.0	0.0	0.0	0.0	0.0	0.0	0.0	0.0410553333333	0
PGT21_010351	0.026469	0.0	0.0	0.0	0.0	0.0	0.0	0.0	0
PGT21_010439	8.875625	1.80858466667	0.0	3.50245933333	0.0	1.99406733333	2.74351233333	4.30786033333	0
PGT21_010656	2.10872533333	0.348888333333	0.0	279.686875667	0.0	21.3447846667	8.03467633333	0.0	0
PGT21_010730	0.0	0.615555666667	0.0	0.0	0.0	0.0	0.0	0.0	0
PGT21_010879	0.0966136666667	0.0	0.0	0.0	0.0	0.0	0.0	0.0410336666667	0
PGT21_011041	27.260881	9.04918866667	16.531226	40.7449056667	29.922419	37.0548566667	49.0669936667	44.068273	1476
PGT21_011551	909.078080667	19.640563	98.1419476667	71.413137	82.3155653333	103.563921333	87.206381	74.3419273333	0
PGT21_011582	0.0486673333333	0.0404593333333	0.0	0.0	0.0	0.0	0.0	0.0	0
PGT21_011626	1.043561	111.969292667	39.7977026667	0.0	3.01758733333	0.144496	0.383827333333	2.80094133333	222
PGT21_011646	0.844794333333	0.0	0.0	0.0	0.0	0.0	0.575120666667	0.0	167
PGT21_011739	0.035962	0.249778666667	0.0	0.0	0.0	0.0	0.0	0.0	0
PGT21_011753	0.086682	0.0	0.0	0.0	0.0	0.0	0.0	0.0	0
PGT21_011767	3.18071233333	1.98320833333	0.0	0.0	0.0	3.841995	3.73604966667	2.653561	349
PGT21_011980	0.0	0.0	0.0	9.81409266667	0.0	0.0	0.0	0.0	1458
PGT21_012330	0.0516983333333	0.0	0.0	0.0	0.0	0.0	0.0	0.0	0
PGT21_012346	0.0	0.0	0.0	0.0	0.0	0.0601416666667	0.0	0.0	0
PGT21_012364	0.299679	0.0	0.0	0.0	0.0	0.0	0.0	0.0	184
PGT21_012492	0.298467333333	0.0470683333333	0.0	0.0	0.0	0.0	0.0	0.0	0
PGT21_012541	0.631282	0.442474666667	0.0	0.0	0.0	0.172255333333	0.324212333333	0.296647333333	785
PGT21_012696	0.076877	0.0	0.0	0.0	0.0	0.0	0.0	0.0	0
PGT21_012774	2.47380066667	3.69212333333	0.0	0.0	1.13494133333	0.786358333333	1.23864133333	2.455666	0
PGT21_012791	2.57711	1.025526	0.0	0.0	0.0	0.0	4.743389	1.717786	0
PGT21_012937	0.176651333333	0.0977243333333	0.0	0.0	0.0	0.0	0.0	0.161334	0
PGT21_013056	0.156681	0.005716	0.0	0.0	0.0	0.0	0.0	0.0	0
PGT21_013163	8.110011	1.74869066667	0.0	8.52574133333	2.81865366667	4.61899833333	3.88941733333	6.342151	0
PGT21_013236	0.156681	0.005716	0.0	0.0	0.0	0.0	0.0	0.0	0
PGT21_013277	0.0	0.0	0.0	0.0	86.0218336667	0.0	0.0	0.0	760
PGT21_013313	49.840935	0.0	0.0	0.0	13.227546	13.732289	9.44548166667	8.06792933333	139
PGT21_013416	0.803348	0.0	0.0	0.0	0.0	0.0	0.0	0.0	0
PGT21_013633	0.140789666667	0.0	0.0	0.0	0.0	0.0	0.0	0.0	0
PGT21_013724	0.828389333333	0.0	0.0	0.0	0.0	0.0	0.0	0.0	0
PGT21_013731	19.9090006667	5.134957	0.0	0.0	9.02391733333	19.0617303333	37.7614606667	24.586481	0
PGT21_013739	19.1122193333	5.92943266667	0.0	0.0	76.14089	40.657698	53.7556303333	89.4686396667	0
PGT21_013743	0.528017	0.0	0.0	0.0	0.0	0.0	0.0	0.0	0
PGT21_013846	0.231588	2.24256266667	0.0	0.0	0.728617	0.145758	0.182572333333	0.189416666667	0
PGT21_013897	0.0169123333333	0.0	0.0	0.0	0.0	0.0	0.0	0.0	0
PGT21_013920	987.777051667	1265.19123933	0.0	0.0	0.0	0.0	0.402010333333	0.208540666667	0
PGT21_013963	3.525225	0.225845666667	0.0	0.0	0.0	0.0	10.233254	43.0295136667	504
PGT21_013977	1.130003	0.253332666667	0.0	0.0	0.0	0.0	0.853246666667	0.643140666667	0
PGT21_014172	2.52361833333	0.431777	0.0	3.26044866667	0.610088	0.769737	0.908299	0.716658666667	0
PGT21_014177	0.0	0.0	0.0	0.0	0.0	0.0	0.0	3.04387366667	1055
PGT21_014373	1.441526	1.24441566667	0.0	0.0	45.8725886667	154.184132333	144.793982	94.9865053333	0
PGT21_014466	0.159170666667	0.0	0.0	0.0	0.0	0.0	0.0	0.0	0
PGT21_014659	0.107923333333	0.0	0.0	0.0	0.0	0.0	0.0	0.0	0
PGT21_014701	0.118282	0.0	0.0	0.0	0.0	0.0	0.0	0.0	0
PGT21_014766	0.0	0.0	0.0	0.0	0.0	2.65302333333	0.0	1.25240666667	0
PGT21_014769	0.0	0.0	0.0	0.0	0.0	0.0	0.0	0.457675333333	0
PGT21_014779	0.157411666667	0.0	0.0	0.0	0.0	0.0	0.0	0.498456	0
PGT21_014806	0.0	0.0	0.0	0.0	0.0	0.0	0.0	0.0724443333333	0
PGT21_015029	0.408570333333	0.0273866666667	0.0	0.0	0.0	0.0	0.0	0.0	414
PGT21_015029	0.306929333333	1.40940166667	0.0	0.0	0.0	0.0	0.0	0.114449666667	414
PGT21_015172	0.0	0.112677	0.0	0.0	0.0	0.0	13.5413153333	0.0	0
PGT21_015202	0.291974333333	0.0	0.0	0.0	0.0	0.0	0.165036	0.0	0
PGT21_015290	0.0791646666667	0.0	0.0	0.0	0.0	0.0	0.0	0.218846333333	698
PGT21_015410	0.0468476666667	0.0	0.0	0.0	0.0	0.0	0.0	0.0	0
PGT21_015453	0.0	0.0	0.0	0.0	0.0	0.0	0.0	0.082497	0
PGT21_015519	0.0111936666667	0.0	0.0	0.0	0.0	0.0	0.0	0.0316363333333	0
PGT21_015601	8.97825033333	24.2287886667	0.0	2.19429033333	3.39221366667	8.40204	7.92439966667	9.60295733333	0
PGT21_015804	0.0111936666667	0.0	0.0	0.0	0.0	0.0	0.0	0.0316363333333	0
PGT21_015820	21.211552	106.931057333	0.0	0.0	0.0	19.844336	6.38144066667	9.81623866667	284
PGT21_016013	0.0369916666667	0.00947433333333	0.0	0.0	0.0	0.479729666667	0.271405333333	0.0	1269
PGT21_016025	0.0798746666667	0.0	0.0	0.0	0.0	0.0	0.0	0.0	0
PGT21_016122	0.0	0.507999333333	0.0	0.0	0.0	0.235060333333	1.755661	0.699668666667	0
PGT21_016195	6.79599166667	1.02663066667	0.0	0.0	0.0	0.0	0.0	0.455866333333	0
PGT21_016219	5.62768366667	6.06069066667	0.0	2.113492	1.74002533333	4.69376866667	4.82485266667	7.88854133333	0
PGT21_016424	0.100032333333	0.0	0.0	0.0	0.0	0.0	0.0	0.0	0
PGT21_016455	0.110083	0.0	0.0	0.0	0.0	0.0	0.104227666667	0.0	0
PGT21_016544	0.051725	0.0	0.0	0.0	0.0	0.0	0.0	0.0	0
PGT21_016551	0.291486	0.036379	0.0	0.0	0.0	0.0	0.403404	0.0	44
PGT21_016567	0.0586806666667	0.114159333333	0.0	0.0	0.0	0.0	0.0	0.0490923333333	0
PGT21_016688	1.09543833333	0.0167206666667	0.0	0.0	0.0	0.157746333333	0.12762	0.134000666667	719
PGT21_016705	6.997082	0.0	0.0	0.0	0.0	0.0	0.0	0.0	0
PGT21_016731	0.018932	0.0201903333333	0.0	0.0	0.0	0.164968333333	0.0	0.0391126666667	0
PGT21_016767	32.065415	19.167414	21.537612	23.033187	24.6369973333	25.5963236667	23.3876476667	27.3080973333	1256
PGT21_016861	0.0290926666667	0.0	0.0	0.0	0.0	0.0	0.0	0.0	0
PGT21_016874	1.19158833333	0.0	0.0	0.0	1.15354766667	0.211256666667	0.0	0.137267333333	37
PGT21_016924	0.0	0.0	0.0	0.0	0.0	0.0	0.0	0.0309833333333	134
PGT21_016954	0.050214	0.0	0.0	0.0	0.0	0.0	0.0	0.0	0
PGT21_016957	1.06437366667	0.0	0.0	0.0	0.0	0.0	0.0	0.449191333333	0
PGT21_017115	0.0476946666667	0.0	0.0	0.0	0.0	0.0	0.158216	0.0	0
PGT21_017186	0.0	0.0	0.0	0.0	0.0	0.0	0.0	1.058916	444
PGT21_017207	0.00940933333333	0.0	0.0	0.0	0.0	0.0	0.0	0.0	0
PGT21_017370	1.84987233333	0.0	0.0	0.0	0.0	0.0	0.0	0.0	0
PGT21_017455	0.0	0.0	0.0	0.0	0.0	0.0	0.0	0.027839	0
PGT21_017472	0.0997783333333	0.0	0.0	0.0	0.0	0.0	0.0	0.0	0
PGT21_017482	0.329696666667	43.091056	0.0	0.0	0.0	0.0	0.0	0.0	0
PGT21_017544	9.82146533333	25.8860436667	99.588502	20.271939	71.4589626667	91.6415303333	47.9700866667	18.1291576667	0
PGT21_017638	0.0	0.006481	0.0	0.0	0.0	0.0	0.0	0.0	0
PGT21_017700	2.603427	1.95006966667	1.41986	1.449437	2.87469533333	4.306419	2.618054	4.86460066667	0
PGT21_017773	0.0281516666667	0.0	0.0	0.0	0.0	0.148745333333	0.0	0.0	0
PGT21_017836	5.19911766667	1.90781066667	0.0	0.0	1.27024333333	3.57454833333	3.195756	4.96758966667	1637
PGT21_018079	0.126238333333	0.0	0.0	0.0	0.0	0.0	0.0	0.0	0
PGT21_018331	0.175338666667	0.268177	0.0	0.0	0.0	0.0388413333333	0.0867826666667	0.156597666667	0
PGT21_018509	0.0675626666667	0.0	0.0	0.0	0.0	0.0754116666667	0.0	0.0865796666667	0
PGT21_018514	0.0	0.0511156666667	0.0	0.0	0.0	0.0	0.0	0.0	0
PGT21_018645	0.064819	0.0	0.0	0.0	0.0	0.0	0.0	0.0	0
PGT21_018735	0.101556	0.067654	0.0	0.0	0.0	0.0	0.0	0.0	0
PGT21_018769	0.676149666667	1.45081666667	0.0	0.0	3.462547	1.107557	0.826526666667	0.463354666667	0
PGT21_018826	0.0212316666667	0.0	0.0	0.0	0.0	0.0	0.0	0.0	0
PGT21_018924	0.051174	0.038158	0.0	0.0	0.0	0.262823333333	0.0	0.0	0
PGT21_018929	0.0761323333333	0.0	0.0	0.0	0.0	0.0	0.0	0.0	0
PGT21_018995	4.048186	1.20277433333	0.0	0.0	1.631916	2.85488633333	2.705989	4.17316333333	0
PGT21_019166	0.133201333333	0.0	0.0	0.0	0.0	0.0	0.0	0.0	0
PGT21_019417	0.025678	0.0593846666667	0.0	0.0	0.0	0.0	0.0	0.0851026666667	317
PGT21_019454	0.0234663333333	0.0	0.0	0.0	0.0	0.0	0.0	0.0	0
PGT21_019556	0.115062666667	0.623306333333	0.0	0.0	1.229484	0.678614	0.0	1.94190966667	0
PGT21_019556	1.89588266667	1.32868733333	0.0	0.869390666667	1.995125	1.67351833333	2.31097266667	1.207657	0
PGT21_019670	5.62054966667	1.14279866667	0.0	0.0	46.4945803333	41.7762636667	40.4949043333	75.054755	252
PGT21_019767	1.80273066667	0.027842	0.0	0.0	0.500559666667	0.184408333333	0.138834666667	0.21398	0
PGT21_020033	3.01469666667	0.440711	191.071262	53.934231	21.9756476667	27.2186256667	14.3689543333	15.0421183333	364
PGT21_020082	35.2803976667	5.99918633333	0.0	0.0	0.0	2.95716	5.91361133333	10.2331383333	17
PGT21_020180	0.336682666667	0.0	0.0	0.0	0.0	0.0	0.0	0.0	0
PGT21_020269	0.404038333333	0.0	0.0	0.0	0.0	0.0	0.0	0.0	0
PGT21_020342	0.139992666667	0.0	0.0	0.0	0.0	0.0	0.120988666667	0.0	0
PGT21_020538	44.0951886667	21.9830323333	9.997687	10.766226	19.3156173333	15.8182476667	14.7738766667	17.4673083333	47
PGT21_020875	4.43801	1.82885233333	0.0	0.0	0.628824666667	0.0684443333333	0.235319666667	0.285936	0
PGT21_020964	0.0	0.0	0.0	0.0	0.0	0.0	0.0	30.87704	0
PGT21_020970	10.667312	4.76533233333	0.0	0.0	1.82751	3.91505033333	8.378677	8.36918066667	0
PGT21_020970	0.284683333333	0.519366	0.0	7.65554133333	0.910108666667	0.719722666667	1.79279333333	2.174638	0
PGT21_021005	0.489120333333	0.0	0.0	0.0	0.0	0.0	0.0	0.0	0
PGT21_021169	0.668014	4.26875766667	12.8756803333	9.40525466667	9.51756366667	6.26809	7.27121933333	12.3977193333	0
PGT21_021169	4.76209166667	8.30288366667	0.0	0.0	0.0	7.37479166667	8.49276266667	7.50728633333	0
PGT21_021199	0.0438993333333	0.04936	0.0	0.0	0.0	0.0932363333333	0.0861793333333	0.0	0
PGT21_021204	0.63528	0.0	0.0	0.0	0.0	9.48108733333	0.0	0.0	37
PGT21_021267	3.520052	1.29189766667	0.0	0.0	1.34015066667	1.53733066667	0.307419666667	0.0	0
PGT21_021286	4.07607433333	0.0	0.0	0.0	0.0	0.0	0.0	0.0	0
PGT21_021298	7.61435633333	0.505498666667	0.0	0.0	0.0	0.0	0.0	0.0	0
PGT21_021359	0.0	0.0	0.0	2.689118	0.0	0.0	0.0	0.0	0
PGT21_021393	0.0	0.013691	0.0	0.0	0.0	0.0	0.17735	0.0	0
PGT21_021569	0.0	0.0	0.0	0.0	0.0	0.0	0.0	0.0307753333333	0
PGT21_021887	0.156431333333	0.0	0.0	0.0	0.0	0.0	0.0	0.0	0
PGT21_021989	0.174154333333	2.05416933333	0.0	1.32720433333	0.466230666667	0.0	0.210593333333	0.0412126666667	0
PGT21_022091	0.0	0.004092	0.0	0.0	0.0	0.0	0.0	0.0	0
PGT21_022133	0.0	0.0	0.0	0.0	0.0	0.0	0.989682333333	0.0	287
PGT21_022202	0.332635	0.0	0.0	0.0	0.0	0.953014	0.0	0.0	2464
PGT21_022334	0.293255	0.084654	0.0	0.0	0.0	0.0	0.0	0.0	60
PGT21_022417	0.352545666667	1.47605	0.0	0.0	0.0	1.82284666667	0.0	0.820941	0
PGT21_022458	0.129906333333	0.0574876666667	0.0	0.0	0.0	0.0	0.0	1.29406633333	1703
PGT21_022458	0.0401433333333	0.0	0.0	0.0	0.0	0.0	0.165033333333	0.462206666667	1703
PGT21_022628	26.501704	0.274179	9.599787	10.3620896667	31.6328296667	31.8195013333	107.929214333	469.184439333	2510
PGT21_022631	0.120130333333	0.100144	0.0	0.0	0.0	0.0	0.0	0.0	0
PGT21_022646	0.028625	0.107299666667	0.0	0.0	0.0	0.0	0.0	0.0743233333333	0
PGT21_022704	0.0730253333333	0.0	0.0	0.0	0.0	0.0928286666667	0.0	0.137534333333	0
PGT21_022784	0.0	0.0314556666667	0.0	0.0	0.0	0.0	0.0	0.0	0
PGT21_023019	0.303331	0.127059333333	0.0	0.0	0.0	0.353981666667	0.810501	1.78028033333	0
PGT21_023134	0.0285246666667	0.0	0.0	0.0	0.0	0.0	0.0	0.0709773333333	0
PGT21_023189	0.0667	0.0	0.0	0.0	0.0	0.0	0.0	0.0	0
PGT21_023425	0.0318726666667	0.0	0.0	0.0	0.0	0.0	0.0	0.0	0
PGT21_023636	0.0170793333333	0.013214	0.0	0.0	0.0	0.0	0.0	0.0	1441
PGT21_023653	0.0285246666667	0.0	0.0	0.0	0.0	0.0	0.0	0.0709773333333	0
PGT21_023742	0.234410666667	0.092128	0.0	0.0	0.0	0.0	0.0	0.0	0
PGT21_023867	0.137972	0.0341026666667	0.0	0.0	0.0	0.262948333333	0.0	0.0	0
PGT21_023990	1.82509633333	2.47151033333	0.0	0.0	0.0	0.0	1.23215066667	3.146447	0
PGT21_024247	0.0533293333333	0.0	0.0	0.0	0.0	0.0	0.0	0.0	0
PGT21_024269	0.0	0.233986	0.0	0.0	0.0	0.0	0.0	0.0	26
PGT21_024554	0.667403333333	2.55241666667	0.0	12.904867	7.71228933333	6.53693633333	4.945395	7.99344766667	1248
PGT21_024956	0.0730856666667	0.0	0.0	0.0	0.0	0.0	0.81889	0.276397666667	0
PGT21_025192	0.650655333333	0.041869	0.0	0.0	0.0	0.670674333333	0.0	0.657916333333	0
PGT21_025192	17.3368083333	0.0	0.0	0.0	0.0	3.67626766667	4.43400566667	0.0	0
PGT21_025227	16.5173076667	0.0	0.0	0.0	2.89063	0.270637	0.839297666667	1.76138233333	0
PGT21_025545	0.70799	0.0833643333333	0.0	0.0	0.0	0.0	0.617043	0.685765333333	0
PGT21_025707	0.014818	0.0	0.0	0.0	0.0	0.0	0.0	0.0	0
PGT21_026010	0.642282333333	0.203958333333	0.0	0.0	0.0	0.074896	0.069227	0.0	0
PGT21_026091	0.106927333333	0.0	0.0	0.0	0.0	0.0	0.0735986666667	0.0684553333333	0
PGT21_026243	0.0	0.0165933333333	0.0	0.0	0.0	0.0	0.0	0.0	627
PGT21_026274	0.032285	0.0	0.0	0.0	0.0	0.0	0.0	0.0	0
PGT21_026291	1.95094	1.800684	0.0	33.8227813333	17.0622856667	7.502394	2.36992033333	1.97953933333	1496
PGT21_026336	0.5325	0.0	0.0	0.0	0.0	0.0	0.0	0.0	249
PGT21_026339	0.0	0.0	0.0	0.0	0.0	0.0	0.0	0.0724443333333	0
PGT21_026406	0.356225333333	0.0	0.0	0.0	0.0	5.923715	2.22881933333	8.219451	0
PGT21_026442	0.658681333333	0.0	0.0	0.0	0.0	0.0	0.0	0.0	0
PGT21_026451	0.0	0.0	0.0	0.0	0.0	0.0960073333333	0.177481333333	0.789071333333	373
PGT21_026501	1.235067	0.008157	0.0	0.0	0.0	0.0947693333333	0.104872333333	0.039524	0
PGT21_026592	0.271289333333	1.12435933333	0.0	0.0	0.0	1.15607766667	1.36922566667	0.225794666667	0
PGT21_026639	0.146962333333	0.0	0.0	0.0	0.0	0.0	0.0	0.0	0
PGT21_026977	0.109479	0.0	0.0	0.0	0.0	0.0	0.0	0.0	0
PGT21_027047	0.154332666667	0.0	0.0	0.0	0.0	0.0	0.0	0.0	0
PGT21_027303	0.121759333333	6.225234	0.0	0.0	0.0	0.0	0.0978373333333	0.0	0
PGT21_027303	0.273892666667	16.2463996667	0.0	0.895644666667	0.0	0.081345	0.089192	0.209699666667	0
PGT21_027304	0.020952	0.0	0.0	0.0	0.0	0.0	0.0	0.0	0
PGT21_027558	0.203832666667	0.0	0.0	0.0	0.0	0.0	0.0	0.0	0
PGT21_027606	0.0	0.007294	0.0	0.0	0.0	0.0	0.0	0.0	0
PGT21_027675	0.0240626666667	0.0	12.617291	0.0	0.0	0.0	0.0	0.0	0
PGT21_027917	0.122235	0.0	0.0	0.0	0.0	0.0	0.0	0.0	0
PGT21_027930	0.0	0.0	0.0	0.0	0.0	0.0	0.0	9.8122	0
PGT21_028446	0.376760333333	0.208274	0.0	0.0	0.0	0.0	0.0	0.0	0
PGT21_028564	0.121930666667	0.0	0.0	0.0	0.0	0.0	0.0	0.0	0
PGT21_028738	4.17336333333	0.309776	0.0	0.0	0.0	0.705094666667	0.744885666667	2.44554266667	0
PGT21_028738	2.14651566667	0.0484533333333	0.0	0.0	0.295941666667	0.579393333333	0.555295	0.214308	0
PGT21_029006	4.47372866667	0.0485086666667	4.49760466667	0.0	2.30263866667	2.808232	2.58858366667	3.45841366667	0
PGT21_029025	0.0	0.0	0.0	0.0	0.0	0.0	0.0	0.151427333333	0
PGT21_029261	2.103639	1.07457233333	0.0	0.0	0.0	12.7859186667	0.0	16.972557	387
PGT21_029647	1.865886	0.198193333333	0.0	0.0	0.0	0.263515	0.990215333333	0.124397	541
PGT21_029683	0.426076	0.0	0.0	0.0	0.0	0.0	0.0	0.0	0
PGT21_029859	0.0	0.0	0.0	0.0	0.0	0.0	0.138900666667	0.190213666667	0
PGT21_029912	0.0185526666667	0.0	0.0	0.0	0.0	0.0	0.0	0.0	0
PGT21_030144	0.0	0.917723333333	0.0	0.0	0.0	0.0	0.0	0.0	191
PGT21_030236	0.412695	24.255354	0.0	0.0	0.0	2.99931433333	0.0	0.0	228
PGT21_030276	0.0	0.188964666667	0.0	0.0	0.0	0.0	0.0	0.083213	877
PGT21_030361	0.111728	0.0	0.0	0.0	0.0	0.0	0.0	0.0	0
PGT21_030543	4.56697266667	0.0	4.75555833333	4.23613966667	3.50718933333	0.765722	0.903836	0.386314	0
PGT21_030598	0.647423	0.220273	0.0	1.07888266667	0.0	0.282494333333	0.078516	0.706436333333	0
PGT21_030622	0.0	0.005404	0.0	0.0	0.0	0.0	0.0	0.0	0
PGT21_030724	1.04594333333	0.0	0.0	0.0	0.0	0.0	0.0	0.0	0
PGT21_030730	0.123712333333	0.0	0.0	0.0	0.0	0.250966666667	0.0	0.0	103
PGT21_030962	0.0	0.0	0.0	0.0	0.0	0.52841	0.0	0.0	0
PGT21_031028	0.00940933333333	0.0	0.0	0.0	0.0	0.0	0.0	0.0	0
PGT21_031038	3.39371366667	0.0	0.0	0.0	0.0	0.0	0.0	0.0	0
PGT21_031044	0.128783666667	0.0	0.0	0.0	0.0	0.0	0.0	0.0	0
PGT21_031242	2.434923	0.323267	5.39420166667	4.561807	5.10521866667	6.111713	6.01676266667	3.270674	0
PGT21_031429	0.281155	0.0	0.0	0.0	0.0	0.130640333333	0.0	0.0	0
PGT21_031545	0.0	0.0	0.0	0.0	0.0	0.589634666667	0.300784666667	0.0	1478
PGT21_031612	6.499833	0.365857	0.0	0.0	0.0	0.0	0.706288333333	1.10575066667	0
PGT21_031645	3.85119333333	0.0	0.0	0.706705	0.0	0.258754666667	0.343489333333	0.075597	178
PGT21_031830	0.04991	0.0	0.0	0.0	0.0	0.0	0.0	0.0	0
PGT21_031867	0.0	0.0	0.0	0.0	0.0	0.0	0.0	0.0432883333333	0
PGT21_031881	0.0	0.0	0.0	0.0	0.0	0.0	0.0	0.221929	0
PGT21_032019	0.0575543333333	0.0	0.0	0.0	0.0	0.0	0.0	0.0	0
PGT21_032021	0.417725666667	0.0	0.0	0.0	0.0	0.0	0.0	0.0	0
PGT21_032289	0.360298666667	0.151505333333	0.0	0.0	0.0	0.0625173333333	0.133232666667	0.0	0
PGT21_032445	0.079349	0.0	0.0	0.0	0.0	0.0	0.0	0.0	1311
PGT21_032451	0.0	0.0	0.0	0.0	0.0	0.0	0.0	0.045805	0
PGT21_032483	0.107736333333	0.059505	0.0	0.0	0.0	0.0	0.0	0.0	0
PGT21_032619	0.0302983333333	0.0	0.0	0.0	0.0	0.0	0.0	0.0	0
PGT21_032708	0.920347333333	0.0	0.0	0.0	0.0	0.250550666667	0.402496333333	0.209917666667	0
PGT21_032783	0.086588	0.0	0.0	0.0	0.0	0.0	0.0	0.0	0
PGT21_033038	28.383927	29.1515266667	25.7139196667	14.223608	18.6472413333	24.1286973333	24.468693	24.400637	155
PGT21_033060	0.070516	0.0	0.0	0.0	0.0	0.0	0.0	0.0	0
PGT21_033141	47.009694	28.434947	0.0	0.0	33.9778563333	40.9277253333	46.4489323333	49.6961396667	515
PGT21_033227	0.0763073333333	0.0	0.0	0.0	0.0	0.209896333333	0.0	0.0	0
PGT21_033255	2.79526366667	0.0	0.0	1.24245833333	0.585095	0.682655	0.376673333333	0.418972666667	0
PGT21_033265	0.030531	0.0113296666667	0.0	0.0	0.0	0.162850666667	0.180211666667	0.135835666667	0
PGT21_033406	1.68600866667	0.00743533333333	4.306962	0.0	0.935595333333	0.0	0.429980333333	0.0	0
PGT21_033661	4.60782666667	0.0	0.0	0.0	0.0	0.349514	0.210777333333	0.164994333333	0
PGT21_033679	3.47522566667	5.51814933333	1.847522	2.677523	3.26744833333	3.73169766667	3.10055	4.30071566667	0
PGT21_033809	3.90143266667	4.54986133333	4.02440966667	4.181703	6.40287266667	3.97463533333	2.874996	2.61956	0
PGT21_033826	0.0	157.376649667	30.7534766667	19.865198	7.41617133333	0.0	0.0	6.07098333333	0
PGT21_034052	0.676976666667	0.0	0.0	0.0	0.0	0.0	0.0	0.0654816666667	0
PGT21_034110	0.968114666667	0.0	0.0	0.0	0.0	0.660961333333	0.0	1.805693	572
PGT21_034116	0.863883	0.424977666667	0.0	0.0	0.994489666667	0.183840333333	0.637550666667	2.74842033333	0
PGT21_034116	0.833352333333	1.475677	0.0	0.0	0.0	0.663304666667	1.16841233333	0.0	0
PGT21_034116	0.17503	0.593073333333	4.99504666667	6.25818366667	1.67351466667	2.28930833333	0.0	0.228071333333	0
PGT21_034151	0.138855666667	0.0	0.0	0.0	0.0	0.0	0.0	0.277111333333	0
PGT21_034190	0.174682333333	0.004651	0.0	0.0	0.0	0.0	0.0	0.0	0
PGT21_034265	0.0908543333333	0.0	0.0	0.0	0.0	0.0	0.0	0.534133666667	0
PGT21_034792	0.260139	0.0	0.0	0.0	0.0	0.0	0.0	0.368986666667	0
PGT21_034911	5.18435866667	0.0	0.0	0.0	0.0	0.636988666667	0.0	0.244926666667	671
PGT21_034918	0.555229666667	0.0	0.0	0.0	0.0	0.0	0.0	0.0	0
PGT21_034993	0.0306483333333	0.0	0.0	0.0	0.0	0.0	0.0	0.0	0
PGT21_035145	0.0433923333333	0.0	0.0	0.0	0.0	0.0	0.0	0.0	0
PGT21_035239	0.616337666667	0.0340876666667	0.0	0.0	0.0	0.0	0.0	0.0	106
PGT21_035472	104.419599333	28.8489583333	129.855567667	74.9928096667	63.6946853333	76.089205	79.05172	63.4466903333	322
PGT21_035677	33.441638	0.0122916666667	5.18990433333	0.0	1.02950733333	2.66220433333	1.31232133333	5.91739133333	0
PGT21_035678	0.0400776666667	0.0	0.0	0.0	0.0	0.0	0.0	0.0	0
PGT21_036123	0.098899	0.0	0.0	0.0	0.0	0.0	0.0	0.0	0
PGT21_036144	0.510038666667	0.676909	0.0	0.380956666667	0.375795666667	0.240802333333	0.0878766666667	0.266243666667	0
PGT21_036198	25.7336503333	25.85495	3.84467033333	4.159802	10.2975213333	9.39634033333	12.7073006667	16.7146686667	777
PGT21_036262	0.0185526666667	0.0	0.0	0.0	0.0	0.0	0.0	0.0	0
PGT21_036264	0.0	0.0	0.0	0.0	0.0	0.0	0.0	0.05773	0
PGT21_036311	62.8787403333	17.3575833333	4.43447133333	46.6092946667	32.763812	36.3922466667	33.586868	35.3479103333	0
PGT21_036491	0.0231506666667	0.010158	0.0	0.0	0.0	0.0	0.0	0.0	0
PGT21_036619	0.0	0.0	0.0	0.0	0.0	0.0	0.0	1.239308	0
PGT21_036643	0.0	0.0	0.0	0.0	0.0	0.0	0.0	0.123228666667	0
PGT21_036722	0.288164666667	0.857647333333	0.0	0.0	0.0	0.0	0.0	0.0	0
PGT21_036937	41.48804	8.93199633333	6.79261066667	5.30426	6.11730666667	7.770732	8.97791333333	13.9263373333	0
PGT21_037122	5.73024266667	4.56232266667	0.0	6.29097333333	4.71498866667	5.392631	5.551713	6.43576566667	1630
PGT21_037183	0.0	0.0	0.0	0.0	0.0	0.0	0.0	0.107197	0
PGT21_037252	0.393276666667	0.0423673333333	0.0	0.0	0.906811333333	0.181405333333	0.386470666667	0.0856356666667	1190
PGT21_037342	0.65074	0.01055	0.0	0.0	0.0	0.406633333333	0.235205666667	0.945359666667	0
PGT21_037366	3333.24542333	0.357569	306.761348667	353.747001333	330.370168	222.858595667	188.580494	281.411029	650
PGT21_037423	38.5841813333	1.53984566667	13.744156	9.316063	15.891499	15.924023	19.7728553333	15.2883436667	1086
PGT21_037477	1.96469666667	0.00995166666667	0.0	2.58455566667	0.0	0.128289666667	0.346223333333	0.126514333333	0
PGT21_037508	7.345628	0.0	0.0	0.0	0.0	2.175666	0.430495	1.13021966667	0
PGT21_037595	2.089205	0.093562	0.0	0.0	0.0	0.0	0.574884666667	0.0	0
PGT21_037595	0.0	0.0302036666667	0.0	0.0	0.0	0.474577	0.0	0.704582666667	0
