Locus	Name	main	G1_trimmed_unaligned_RFAM_RNACentral	G2_trimmed_unaligned_RFAM_RNACentral	G3_trimmed_unaligned_RFAM_RNACentral	U1_trimmed_unaligned_RFAM_RNACentral	W0U1_trimmed_unaligned_RFAM_RNACentral	W0U2_trimmed_unaligned_RFAM_RNACentral	W0U3_trimmed_unaligned_RFAM_RNACentral	W3I1_trimmed_unaligned_RFAM_RNACentral	W3I2_trimmed_unaligned_RFAM_RNACentral	W3I3_trimmed_unaligned_RFAM_RNACentral	W5I1_trimmed_unaligned_RFAM_RNACentral	W5I2_trimmed_unaligned_RFAM_RNACentral	W5I3_trimmed_unaligned_RFAM_RNACentral	W7I1_trimmed_unaligned_RFAM_RNACentral	W7I2_trimmed_unaligned_RFAM_RNACentral	W7I3_trimmed_unaligned_RFAM_RNACentral
chr1A_part1:2205778-2205813	Cluster_2	1294	0	0	0	1	0	111	215	11	93	104	285	45	222	104	49	54
chr1A_part1:2478180-2478369	Cluster_5	369	0	0	0	0	0	41	48	2	31	39	34	13	70	25	34	32
chr1A_part1:6154814-6155472	Cluster_12	667	0	0	0	0	0	47	76	9	59	65	68	18	150	50	55	70
chr1A_part1:49996677-49996791	Cluster_54	3014	0	0	0	0	1	330	918	24	221	411	501	69	219	112	111	97
chr1A_part1:49996931-49997190	Cluster_55	682	0	0	0	0	0	79	128	2	59	106	32	2	151	15	52	56
chr1A_part1:49997710-49998011	Cluster_56	545	1	0	0	0	0	87	148	2	46	77	49	1	83	5	21	25
chr1A_part1:58359089-58359329	Cluster_66	374	0	0	0	0	0	52	61	7	17	37	42	19	74	22	23	20
chr1A_part1:97805098-97805274	Cluster_109	479	0	0	0	1	0	40	61	5	27	42	72	16	72	49	45	49
chr1A_part1:309399482-309399571	Cluster_219	733	0	0	0	1	0	78	124	4	53	88	41	6	157	33	66	82
chr1A_part1:326329204-326329300	Cluster_223	303	0	0	0	1	0	37	32	5	18	29	21	13	59	20	25	43
chr1A_part1:355323391-355324958	Cluster_247	299	0	0	0	0	0	33	59	9	28	25	31	22	32	14	24	22
chr1A_part1:452457355-452457562	Cluster_316	452	0	0	0	0	1	45	77	8	30	33	63	20	62	46	32	35
chr1A_part2:48115630-48115661	Cluster_432	857	1	0	0	1	0	122	279	5	79	146	97	3	68	11	27	18
chr1A_part2:53878186-53878318	Cluster_439	292	0	0	0	0	0	32	50	2	14	23	25	14	63	13	31	25
chr1B_part1:16927980-16928682	Cluster_601	759	0	0	0	0	0	96	116	13	53	70	63	38	143	46	66	55
chr1B_part1:77543727-77543843	Cluster_653	9274	1	3	3	1	0	1346	1043	21	421	769	264	31	3931	79	488	873
chr1B_part1:77545004-77545265	Cluster_654	522	0	0	0	0	1	69	99	8	41	59	47	7	96	11	42	42
chr1B_part1:83209174-83209608	Cluster_659	264	0	0	0	0	0	32	52	1	15	27	32	24	30	9	17	25
chr1B_part1:197169773-197169795	Cluster_725	1507	0	0	0	0	0	241	243	6	110	224	24	0	312	10	155	182
chr1B_part1:341933733-341933813	Cluster_805	744	1	0	0	0	1	93	98	9	47	75	52	9	161	39	81	78
chr1B_part1:357916236-357916332	Cluster_814	301	0	0	2	1	0	40	27	6	19	34	31	10	35	31	27	38
chr1B_part1:415113716-415113965	Cluster_846	331	0	0	0	0	0	38	52	8	25	23	29	10	80	19	27	20
chr1B_part2:189334946-189335029	Cluster_1060	264	0	0	0	0	0	25	56	2	21	27	32	11	42	14	13	21
chr1B_part2:235954358-235954676	Cluster_1169	324	0	0	0	0	0	32	45	6	30	35	50	18	48	27	18	15
chr1D_part1:2485018-2486434	Cluster_1184	2482	0	0	0	1	2	218	328	34	142	210	303	78	485	212	221	248
chr1D_part1:2686943-2687319	Cluster_1186	1436	0	0	0	0	1	110	228	25	71	122	182	80	227	167	132	91
chr1D_part1:11496181-11497089	Cluster_1210	302	0	0	0	0	0	40	56	2	19	35	35	4	51	16	19	25
chr1D_part1:12534372-12536033	Cluster_1219	282	0	0	0	0	0	33	56	5	17	30	45	19	44	10	7	16
chr1D_part1:50959666-50959901	Cluster_1255	637	1	0	0	0	0	86	171	8	49	94	101	11	49	20	29	18
chr1D_part1:50960017-50960119	Cluster_1256	260	0	0	0	0	0	28	59	1	20	34	39	8	45	6	10	10
chr1D_part1:51037860-51037988	Cluster_1259	1671	2	0	0	1	0	179	472	11	131	247	261	50	152	49	75	41
chr1D_part1:51039506-51039551	Cluster_1260	412	0	0	0	0	0	56	138	0	26	69	34	1	57	4	11	16
chr1D_part1:58113578-58113739	Cluster_1295	308	0	0	0	0	0	29	39	4	22	31	46	13	56	15	17	36
chr1D_part1:225397548-225398348	Cluster_1452	441	0	0	0	0	2	57	81	6	38	43	49	18	60	28	26	33
chr1D_part1:236440945-236441027	Cluster_1462	753	0	0	0	0	0	92	131	13	21	72	40	19	174	47	62	82
chr1D_part1:254662240-254662337	Cluster_1584	294	0	0	0	0	0	31	46	2	29	22	28	10	45	24	22	35
chr1D_part1:283562820-283564387	Cluster_1610	337	0	1	0	0	0	52	62	10	22	40	44	12	42	12	24	16
chr1D_part1:368340428-368340611	Cluster_1692	364	0	0	0	1	1	31	19	11	29	18	21	6	48	28	80	71
chr1D_part2:33324382-33324496	Cluster_1918	8381	1	4	6	4	1	1225	225	985	1364	955	149	20	1809	214	510	909
chr2A_part1:44838913-44840168	Cluster_2012	303	0	0	0	0	0	27	42	4	23	29	34	19	54	15	27	29
chr2A_part1:56880688-56882249	Cluster_2029	406	0	0	0	1	0	45	66	4	21	44	61	12	70	25	28	29
chr2A_part1:56883983-56885234	Cluster_2033	319	0	0	0	0	0	43	61	2	27	29	36	10	49	10	24	28
chr2A_part1:149235042-149235126	Cluster_2148	443	0	0	0	0	0	61	110	12	52	69	55	32	24	12	8	8
chr2A_part1:337716357-337716669	Cluster_2258	464	0	0	0	0	1	64	85	7	32	51	61	11	69	20	32	31
chr2A_part1:337716818-337717066	Cluster_2259	519	0	0	0	0	0	57	109	6	44	58	91	13	76	27	19	19
chr2A_part1:337719572-337720066	Cluster_2264	333	0	0	0	0	0	55	79	1	27	29	34	5	62	7	21	13
chr2A_part1:337856106-337857067	Cluster_2265	2101	1	0	1	1	2	266	426	18	147	189	316	56	336	120	91	131
chr2A_part1:337859125-337859607	Cluster_2267	524	0	0	0	0	0	95	121	2	45	54	46	4	83	20	22	32
chr2A_part2:109677392-109677440	Cluster_2425	2391	0	0	0	1	0	228	328	60	110	173	263	198	439	133	231	227
chr2A_part2:109680604-109680694	Cluster_2426	2469	0	0	2	0	0	261	406	35	181	255	212	63	505	104	195	250
chr2A_part2:136602862-136603203	Cluster_2461	448	0	0	0	0	0	61	57	6	26	43	62	9	93	38	28	25
chr2A_part2:221343908-221344034	Cluster_2554	2450	0	0	1	0	1	230	607	59	150	184	511	280	161	104	102	60
chr2A_part2:237713001-237713053	Cluster_2563	430	0	0	0	1	0	31	31	21	71	47	42	5	25	32	76	48
chr2A_part2:283018129-283018205	Cluster_2638	3917	1	0	0	0	2	229	165	279	630	415	304	99	257	270	782	484
chr2A_part2:312426215-312426312	Cluster_2696	3336	0	0	0	0	0	175	461	62	185	230	571	153	295	548	375	281
chr2B_part1:58353801-58353962	Cluster_2790	6224	85	10	7	11	2	308	119	643	726	577	238	441	617	665	896	879
chr2B_part1:58547723-58548078	Cluster_2791	3517	24	0	3	4	1	265	92	472	390	305	100	256	412	285	411	497
chr2B_part1:92787834-92788519	Cluster_2826	2886	2	0	1	3	0	471	636	40	288	611	73	8	453	22	135	143
chr2B_part1:216912659-216912683	Cluster_2957	8056	2466	1877	1200	2478	0	0	0	0	1	3	2	3	1	9	8	8
chr2B_part1:353969546-353969568	Cluster_3037	494	135	172	104	83	0	0	0	0	0	0	0	0	0	0	0	0
chr2B_part1:446074821-446074929	Cluster_3133	721	136	268	236	70	0	0	0	0	0	0	0	1	1	1	1	7
chr2B_part2:37116057-37116095	Cluster_3197	2251	0	0	0	0	0	239	316	31	112	148	250	218	370	154	234	179
chr2B_part2:54714994-54715014	Cluster_3213	949	377	298	216	58	0	0	0	0	0	0	0	0	0	0	0	0
chr2B_part2:84616595-84616762	Cluster_3238	3019	0	1	1	0	0	500	525	48	196	297	306	114	503	130	185	213
chr2B_part2:139365913-139366617	Cluster_3274	3236	4	1	2	2	2	378	125	124	436	234	100	24	734	129	305	636
chr2B_part2:192432775-192432892	Cluster_3302	317	0	0	0	0	0	35	45	7	25	40	47	23	44	9	20	22
chr2B_part2:279376553-279376644	Cluster_3411	543	0	0	0	0	0	79	83	4	40	63	39	3	115	11	50	56
chr2B_part2:315850188-315850528	Cluster_3462	254	0	0	0	0	0	31	33	7	25	22	35	13	36	19	19	14
chr2B_part2:318843345-318843434	Cluster_3472	3686	0	0	0	0	1	263	732	40	313	350	542	39	490	120	466	330
chr2B_part2:331018652-331019233	Cluster_3493	903	1	0	1	0	0	62	36	119	200	158	34	11	90	35	72	84
chr2B_part2:335788761-335788884	Cluster_3501	2694	2	1	1	0	0	464	168	136	380	398	86	15	537	50	220	236
chr2D_part1:11047177-11047198	Cluster_3533	407	78	144	115	63	0	0	0	0	0	0	1	0	1	2	1	2
chr2D_part1:74128442-74128887	Cluster_3660	270	0	0	0	0	0	25	53	3	29	27	38	5	33	27	12	18
chr2D_part1:95715256-95715588	Cluster_3699	358	0	0	0	0	0	35	53	8	27	40	49	22	47	24	29	24
chr2D_part1:151985102-151985212	Cluster_3755	1097	0	0	0	0	1	150	262	28	145	193	116	27	93	22	36	24
chr2D_part1:185384869-185385925	Cluster_3784	541	0	0	0	0	1	60	93	5	44	39	70	22	97	37	46	27
chr2D_part1:189380271-189383170	Cluster_3793	932	0	0	0	0	0	124	155	17	78	81	148	19	147	50	52	61
chr2D_part1:189383770-189385068	Cluster_3794	451	1	0	1	0	1	70	85	9	27	43	52	2	91	12	26	31
chr2D_part1:235487227-235487351	Cluster_3823	1061	10	2	4	1	0	44	16	121	124	89	35	82	97	115	164	157
chr2D_part1:385151928-385151977	Cluster_3934	289	0	0	0	0	1	12	7	38	49	27	27	26	5	40	38	19
chr2D_part1:418066954-418067003	Cluster_3972	2325	0	0	0	2	0	224	349	37	115	158	261	197	422	125	217	218
chr2D_part1:450395494-450395789	Cluster_4001	786	0	0	0	0	0	102	120	13	40	79	104	11	147	61	44	65
chr2D_part2:106012357-106012435	Cluster_4134	2621	1	0	0	0	0	212	229	41	156	186	337	129	546	209	238	337
chr2D_part2:166969238-166969386	Cluster_4263	72135	30	3	5	9	14	5281	14582	832	5187	7008	11831	723	9336	2499	8469	6326
chr2D_part2:177063975-177063998	Cluster_4281	527	101	184	138	102	0	0	0	0	0	0	0	0	1	0	0	1
chr2D_part2:179401855-179401979	Cluster_4284	843	0	1	0	0	0	22	18	117	273	408	1	0	3	0	0	0
chr2D_part2:186298247-186298541	Cluster_4304	560	0	0	1	0	0	62	82	12	51	53	80	36	81	36	24	42
chr3A_part1:13738988-13739158	Cluster_4324	2380	3	4	4	3	1	252	130	112	128	143	132	147	534	168	309	310
chr3A_part1:19497490-19498215	Cluster_4325	848	6	0	3	2	1	67	36	158	164	108	46	16	56	53	57	75
chr3A_part1:150015797-150016913	Cluster_4482	46736	1	2	2	11	22	4800	7964	807	3430	3876	6383	3843	6247	3269	2995	3084
chr3A_part1:150066526-150067619	Cluster_4483	48793	3	0	7	14	6	4923	7703	1017	3819	4549	5027	4072	6277	4100	3633	3643
chr3A_part1:150727884-150728288	Cluster_4484	21445	1	3	4	9	4	2410	4131	406	1305	1840	2647	2001	2472	1256	1568	1388
chr3A_part1:150728382-150728518	Cluster_4485	8695	0	1	1	2	0	647	1734	167	695	777	1839	638	545	646	553	450
chr3A_part1:155833641-155833894	Cluster_4490	248	0	0	0	0	0	20	33	3	36	29	37	13	35	14	16	12
chr3A_part1:163800589-163800710	Cluster_4496	1408	0	1	0	0	0	128	169	10	113	112	180	97	266	117	73	142
chr3A_part1:163800941-163801105	Cluster_4497	1600	0	1	1	0	0	97	206	10	184	116	253	86	209	143	140	154
chr3A_part1:163801184-163801275	Cluster_4498	1381	1	0	0	1	0	137	201	25	70	121	131	115	270	86	120	103
chr3A_part1:163801371-163801763	Cluster_4499	2001	1	0	0	1	0	216	342	29	130	166	211	158	382	99	135	131
chr3A_part1:163805979-163806092	Cluster_4500	1137	0	0	0	0	0	83	95	16	57	66	46	30	315	72	151	206
chr3A_part1:240524774-240524796	Cluster_4540	1534	173	658	544	128	0	0	0	0	0	1	0	1	10	4	2	13
chr3A_part2:247911909-247911930	Cluster_4900	278	58	101	56	63	0	0	0	0	0	0	0	0	0	0	0	0
chr3A_part2:256727001-256727353	Cluster_4907	909	0	0	0	0	0	134	149	9	67	93	58	15	209	26	61	88
chr3A_part2:256727483-256727759	Cluster_4908	6365	3	0	0	1	1	841	1159	179	430	610	560	433	721	638	388	401
chr3A_part2:256740751-256740961	Cluster_4909	1816	1	0	1	1	0	322	314	5	86	202	86	3	487	24	115	169
chr3A_part2:256968048-256968322	Cluster_4913	1352	2	0	0	0	0	220	220	15	95	148	108	25	272	38	97	112
chr3A_part2:256968449-256968612	Cluster_4914	319	0	0	0	0	0	39	64	4	30	38	12	5	55	16	22	34
chr3A_part2:263553573-263554023	Cluster_4922	379	0	0	0	0	0	66	100	8	15	39	110	19	6	6	4	6
chr3A_part2:263554135-263554697	Cluster_4923	481	0	0	0	0	0	87	159	7	29	30	106	13	28	4	8	10
chr3A_part2:263624464-263624973	Cluster_4925	482	0	0	1	0	0	88	150	7	29	37	113	15	17	6	9	10
chr3A_part2:283695656-283697200	Cluster_4956	379	0	0	0	0	0	47	73	4	23	27	41	10	71	26	29	28
chr3B_part1:6753659-6753920	Cluster_4977	9811	24	13	9	12	2	1092	609	392	499	752	484	605	2209	721	1197	1191
chr3B_part1:13946457-13946513	Cluster_4982	460	0	0	0	0	0	25	37	37	42	42	29	37	28	74	58	51
chr3B_part1:191212484-191213714	Cluster_5130	5489	1	0	2	1	1	531	920	95	430	529	718	422	717	332	416	374
chr3B_part1:191252925-191254121	Cluster_5131	35114	4	4	4	15	7	4029	5772	800	2748	3459	3038	2744	4472	2724	2565	2729
chr3B_part1:207304092-207304644	Cluster_5181	3366	0	0	0	3	0	252	407	43	254	229	385	299	545	299	311	339
chr3B_part1:207304737-207305041	Cluster_5182	343	1	0	0	0	0	41	55	7	21	32	45	18	46	22	31	24
chr3B_part1:209668280-209668301	Cluster_5183	1463	546	460	288	169	0	0	0	0	0	0	0	0	0	0	0	0
chr3B_part1:217967285-217968371	Cluster_5187	290	0	0	0	0	0	40	55	2	15	21	31	9	46	17	27	27
chr3B_part1:285650844-285650865	Cluster_5218	378	108	99	70	100	0	0	0	0	0	0	0	0	0	0	0	1
chr3B_part2:133817048-133817860	Cluster_5404	361	0	0	0	0	0	51	64	10	20	26	44	18	45	18	30	35
chr3B_part2:243308060-243308253	Cluster_5515	663	144	236	178	101	0	0	1	0	0	0	2	0	0	0	0	1
chr3B_part2:317237890-317238604	Cluster_5593	20488	5	1	4	8	7	3024	3376	159	1495	2115	1398	182	5023	446	1379	1866
chr3B_part2:317402267-317402573	Cluster_5594	782	0	0	0	1	0	122	145	5	50	91	61	7	167	20	39	74
chr3B_part2:331389691-331391202	Cluster_5615	908	0	0	0	1	0	121	177	24	79	87	83	39	145	45	54	53
chr3B_part2:337397342-337398665	Cluster_5625	746	0	0	0	0	0	119	178	9	55	71	155	23	68	10	34	24
chr3B_part2:357491359-357491519	Cluster_5652	288	1	0	0	0	0	24	31	12	25	32	38	8	38	20	41	18
chr3B_part2:369026340-369027940	Cluster_5672	553	0	0	0	0	0	78	93	9	47	72	63	32	64	22	34	39
chr3D_part1:6526267-6526439	Cluster_5695	2474	6	9	7	7	0	276	158	92	127	160	122	121	575	176	267	371
chr3D_part1:30328332-30328382	Cluster_5756	273	0	0	0	0	0	7	16	30	41	7	23	31	6	59	32	21
chr3D_part1:40718817-40719042	Cluster_5771	340	0	1	0	0	0	36	51	8	29	35	39	19	56	21	23	22
chr3D_part1:42368248-42368459	Cluster_5775	390	2	0	0	2	0	46	20	11	42	33	11	1	101	12	53	56
chr3D_part1:65610097-65610187	Cluster_5811	1492	0	0	0	0	1	244	272	19	97	135	161	61	266	55	92	89
chr3D_part1:65610266-65610416	Cluster_5812	6534	0	2	1	1	1	1020	1133	73	456	652	678	234	1172	255	365	491
chr3D_part1:135130425-135131589	Cluster_5879	9957	1	0	1	4	0	962	1551	240	783	1001	972	717	1261	823	782	859
chr3D_part1:135160913-135161983	Cluster_5880	12334	1	0	5	5	3	1181	1820	282	1066	1331	1361	917	1437	998	953	974
chr3D_part1:135388978-135389377	Cluster_5881	14509	1	0	2	4	5	1615	2686	282	988	1161	2055	1246	1704	848	1022	890
chr3D_part1:135389501-135389606	Cluster_5882	874	0	1	0	0	0	61	148	18	74	90	183	73	76	60	46	44
chr3D_part1:143960464-143960556	Cluster_5901	1133	0	0	1	0	0	117	155	16	60	103	71	93	217	70	114	116
chr3D_part1:143960649-143961270	Cluster_5902	1120	0	0	0	1	0	95	184	15	103	112	143	78	179	66	64	80
chr3D_part1:143964578-143964768	Cluster_5903	11440	2	0	0	9	2	1145	1498	241	688	872	719	368	2119	991	1206	1580
chr3D_part1:350128638-350128889	Cluster_6052	263	0	1	0	0	0	33	39	6	18	22	29	16	51	17	18	13
chr3D_part1:350599756-350599946	Cluster_6053	283	0	0	0	0	1	23	60	3	25	23	43	11	37	19	17	21
chr3D_part1:378216352-378216467	Cluster_6080	260	0	0	0	0	0	31	39	6	27	31	21	11	40	23	10	21
chr3D_part1:444069351-444069517	Cluster_6166	526	0	0	0	1	0	60	95	3	32	45	51	18	129	18	55	19
chr3D_part2:47211086-47211167	Cluster_6255	291	0	0	0	0	0	9	25	6	36	30	7	25	36	32	42	43
chr3D_part2:63223620-63223735	Cluster_6277	799	0	1	0	0	0	29	28	56	112	42	39	58	38	112	187	97
chr3D_part2:68212124-68212231	Cluster_6286	2726	0	2	0	2	3	608	516	8	175	315	105	29	649	34	99	181
chr3D_part2:98584016-98584599	Cluster_6333	6082	3	0	1	3	0	988	1019	52	404	646	465	108	1332	150	398	513
chr3D_part2:99297765-99297847	Cluster_6336	343	0	0	0	0	0	59	73	3	21	47	38	7	50	6	15	24
chr3D_part2:99316832-99316894	Cluster_6338	519	1	0	0	0	0	91	70	2	38	51	22	1	153	5	30	55
chr3D_part2:99317127-99317236	Cluster_6339	252	0	1	0	0	0	31	55	2	18	34	9	0	65	5	18	14
chr3D_part2:105782551-105783770	Cluster_6355	469	0	0	0	0	0	55	106	6	31	48	51	20	71	21	29	31
chr3D_part2:134361518-134361627	Cluster_6409	399	0	0	0	0	0	53	103	6	28	52	53	7	48	8	23	18
chr4A_part1:1887511-1887677	Cluster_6415	394	0	0	0	1	0	33	89	6	32	37	51	15	52	21	35	22
chr4A_part1:19582942-19583091	Cluster_6452	6693	1	0	4	3	2	732	857	50	376	571	298	212	1514	322	855	896
chr4A_part1:343932938-343933117	Cluster_6710	417	0	0	0	0	0	47	73	6	30	38	50	15	61	24	41	32
chr4A_part2:50717360-50717543	Cluster_6781	2539	1	0	0	0	0	430	605	21	225	254	143	14	487	46	127	186
chr4A_part2:50717904-50718113	Cluster_6783	1439	0	2	0	1	0	191	315	6	91	194	123	17	288	27	93	91
chr4A_part2:144274772-144274794	Cluster_6892	252	0	0	0	0	0	62	46	2	11	21	33	0	55	3	8	11
chr4A_part2:156840976-156841065	Cluster_6920	287	0	0	0	0	0	35	48	2	18	61	18	7	53	12	16	17
chr4A_part2:157935698-157935880	Cluster_6928	349	0	0	0	0	0	36	72	5	27	39	30	12	59	21	26	22
chr4A_part2:167912064-167912165	Cluster_6938	327	0	0	0	0	0	28	57	7	18	18	181	9	8	1	0	0
chr4A_part2:222200803-222201238	Cluster_7004	907	0	0	0	0	0	106	149	13	73	52	194	63	121	60	28	48
chr4A_part2:222207018-222207553	Cluster_7006	4896	0	0	0	1	0	520	718	64	349	376	609	291	889	268	406	405
chr4A_part2:223245393-223246102	Cluster_7012	857	0	0	0	1	1	66	119	9	66	72	106	57	109	96	75	80
chr4B_part1:28164516-28164686	Cluster_7127	330	0	0	0	0	0	15	48	8	21	30	30	3	57	44	40	34
chr4B_part1:57441818-57441875	Cluster_7163	337	0	0	0	0	0	11	13	32	55	21	20	16	15	41	75	38
chr4B_part1:127846891-127847074	Cluster_7216	5705	3	0	1	3	0	945	1270	31	453	664	337	40	1133	102	303	420
chr4B_part1:127847445-127847675	Cluster_7217	2082	1	0	0	1	0	254	439	14	148	276	161	33	413	56	125	161
chr4B_part1:156696882-156696902	Cluster_7232	379	120	94	92	72	0	0	0	0	0	0	0	0	0	1	0	0
chr4B_part1:180199354-180199624	Cluster_7249	438	0	0	0	0	0	53	67	8	29	41	50	31	79	25	23	32
chr4B_part1:181683567-181684270	Cluster_7252	407	0	0	0	0	0	39	64	9	41	57	88	18	41	13	16	21
chr4B_part1:181684744-181685386	Cluster_7253	1272	0	0	0	0	0	117	210	36	108	135	263	92	138	40	67	66
chr4B_part2:57418868-57419017	Cluster_7449	286	0	0	0	0	0	26	35	1	30	22	62	7	54	8	8	33
chr4B_part2:109003274-109003329	Cluster_7488	320	0	0	0	1	0	30	40	1	20	31	30	17	42	20	55	33
chr4B_part2:143418198-143418282	Cluster_7516	2278	0	0	0	2	0	279	341	62	368	294	120	5	324	45	189	249
chr4B_part2:152987306-152987526	Cluster_7523	938	0	0	0	0	0	70	248	16	104	112	142	52	68	31	55	40
chr4B_part2:152987631-152987769	Cluster_7524	1258	1	0	0	0	1	190	233	14	88	160	124	37	217	32	73	88
chr4B_part2:152988780-152989206	Cluster_7525	1742	1	0	0	0	0	258	357	21	140	223	215	48	226	65	92	96
chr4B_part2:152989298-152990858	Cluster_7526	2177	1	0	0	1	1	303	467	22	156	243	265	78	306	97	124	113
chr4B_part2:167245889-167245938	Cluster_7551	565	0	0	0	0	0	26	13	44	82	48	33	18	44	56	99	102
chr4B_part2:179001757-179001874	Cluster_7557	308	0	0	0	0	0	27	59	3	23	40	43	15	46	19	10	23
chr4B_part2:203079957-203080049	Cluster_7596	2364	0	0	0	1	1	221	251	94	156	154	199	172	399	188	255	273
chr4B_part2:203081117-203081346	Cluster_7598	587	0	0	0	0	0	83	61	7	49	103	20	5	136	12	48	63
chr4B_part2:203888059-203888153	Cluster_7599	1527	0	0	0	0	1	235	149	9	121	215	62	8	354	41	128	204
chr4B_part2:207510551-207510627	Cluster_7605	2251	0	0	0	0	0	96	86	151	271	242	224	140	154	207	397	283
chr4B_part2:220704777-220704929	Cluster_7623	266	0	0	0	0	0	29	57	2	16	27	44	14	49	12	10	6
chr4D_part1:7875752-7875773	Cluster_7642	623	165	223	171	53	0	0	0	0	0	0	0	0	0	1	3	7
chr4D_part1:60876549-60876665	Cluster_7793	259	0	0	1	0	0	36	31	4	21	24	29	8	49	11	16	29
chr4D_part1:91076546-91076770	Cluster_7833	5663	1	1	0	0	0	713	1272	42	377	671	433	109	1013	183	392	456
chr4D_part1:91077134-91077364	Cluster_7835	9197	3	1	3	3	2	1207	1935	42	588	1168	687	132	1823	237	666	700
chr4D_part1:297368877-297369457	Cluster_7977	294	0	0	1	0	0	43	42	1	24	29	35	17	46	9	29	18
chr4D_part1:297370665-297371746	Cluster_7978	541	0	0	1	1	0	62	107	4	31	42	86	11	87	42	30	37
chr4D_part1:316537326-316537844	Cluster_7990	740	0	0	0	0	1	88	155	5	44	71	107	16	120	58	32	43
chr4D_part1:319243423-319243528	Cluster_7993	616	0	0	0	0	2	97	157	5	50	62	50	14	102	10	30	37
chr4D_part1:375151611-375152157	Cluster_8041	1280	0	0	0	0	0	128	239	29	98	113	208	71	196	44	56	98
chr4D_part1:375152608-375153288	Cluster_8042	909	0	0	1	0	0	113	150	13	82	101	150	64	100	38	42	55
chr4D_part1:446438193-446440512	Cluster_8114	5375	1	1	0	1	1	629	958	109	394	507	1071	271	752	232	220	228
chr4D_part1:447643812-447643937	Cluster_8117	6199	1	2	1	2	3	717	760	48	335	507	243	167	1533	286	734	860
chr4D_part1:450196309-450196401	Cluster_8120	3705	0	3	5	3	0	460	392	67	241	289	204	154	860	265	381	381
chr4D_part2:21202871-21203005	Cluster_8156	3084	0	0	0	1	0	373	868	40	374	571	186	3	346	29	145	148
chr4D_part2:56471575-56471808	Cluster_8230	436	1	0	0	0	1	40	44	16	26	36	34	39	80	24	50	45
chr5A_part1:3374758-3374917	Cluster_8242	265	0	0	0	0	0	24	38	7	17	23	39	13	40	28	12	24
chr5A_part1:18684569-18684922	Cluster_8278	294	0	0	0	0	0	17	50	8	27	29	29	15	48	21	24	26
chr5A_part1:194739378-194739620	Cluster_8384	396	0	0	0	0	0	57	79	3	14	36	27	2	115	5	31	27
chr5A_part1:244437439-244437557	Cluster_8395	7058	3	3	0	1	2	944	205	817	1135	793	94	28	1616	165	441	811
chr5A_part1:383126014-383126035	Cluster_8491	619	99	234	181	97	0	0	0	0	0	0	0	0	1	1	5	1
chr5A_part1:402025638-402025692	Cluster_8511	488	1	0	0	1	0	16	15	44	74	44	48	24	13	118	53	37
chr5A_part1:419366109-419366133	Cluster_8518	386	0	0	0	0	0	73	64	4	27	40	8	4	100	18	12	36
chr5A_part1:440504306-440504436	Cluster_8541	1608	0	0	0	0	0	264	312	25	90	146	170	69	248	76	88	120
chr5A_part2:20081082-20081719	Cluster_8577	4181	0	1	0	1	1	533	808	30	280	411	315	116	895	134	290	366
chr5A_part2:20081848-20082701	Cluster_8578	357	0	0	0	0	0	49	67	4	25	33	45	12	48	24	24	26
chr5A_part2:20084254-20084840	Cluster_8580	387	0	0	0	2	0	50	62	8	23	33	38	24	75	22	20	30
chr5A_part2:20085219-20086539	Cluster_8581	2465	0	0	0	0	0	348	492	18	160	223	178	54	532	97	192	171
chr5A_part2:20090515-20090711	Cluster_8583	3570	1	1	0	1	0	320	591	95	229	262	440	322	407	289	324	288
chr5A_part2:31600072-31600225	Cluster_8604	436	0	0	0	0	0	38	76	9	47	35	38	17	57	40	39	40
chr5A_part2:95989933-95990110	Cluster_8677	505	0	0	0	0	0	52	77	5	47	64	61	18	93	28	24	36
chr5A_part2:124790753-124790890	Cluster_8726	406	0	0	0	0	0	48	51	7	31	31	18	37	72	18	46	47
chr5A_part2:235499511-235499701	Cluster_8948	344	0	0	0	0	0	57	47	5	19	31	51	25	59	11	21	18
chr5A_part2:238567894-238568154	Cluster_8959	2179	2	0	0	0	0	316	327	26	140	268	149	52	404	71	167	257
chr5B_part1:34720730-34722372	Cluster_9022	438	0	0	0	0	0	41	63	7	34	68	52	21	81	14	28	29
chr5B_part1:64732529-64734586	Cluster_9075	318	0	1	0	0	0	49	65	5	21	38	44	8	44	11	15	17
chr5B_part1:64735890-64737014	Cluster_9076	407	0	0	0	1	0	56	77	12	35	39	54	29	55	10	22	17
chr5B_part1:66745765-66745857	Cluster_9081	7669	0	1	1	0	1	514	802	122	420	513	529	590	765	864	1280	1267
chr5B_part1:91006939-91007036	Cluster_9104	827	0	0	0	1	0	102	110	2	44	67	49	8	286	19	66	73
chr5B_part1:130320958-130321285	Cluster_9146	369	0	0	0	0	0	48	66	9	19	49	31	16	38	36	29	28
chr5B_part1:374449053-374449077	Cluster_9290	347	0	0	0	0	0	63	48	3	26	46	8	1	103	10	13	26
chr5B_part1:398367423-398367579	Cluster_9315	11159	4	1	4	2	3	1752	1878	208	757	1107	1171	509	1737	497	736	793
chr5B_part1:440019077-440019216	Cluster_9378	6300	1	0	0	1	3	802	1143	97	443	534	1010	301	897	304	348	416
chr5B_part2:26748230-26748251	Cluster_9409	314	55	102	66	88	0	0	0	0	0	0	0	0	0	0	3	0
chr5B_part2:111611210-111611304	Cluster_9481	4655	2	1	5	1	1	586	505	78	296	365	283	231	1013	345	439	504
chr5B_part2:132728486-132728535	Cluster_9509	275	0	0	0	0	1	11	5	41	44	17	26	18	15	43	37	17
chr5B_part2:231768364-231770003	Cluster_9661	418	0	0	0	0	0	51	90	5	31	48	50	20	61	23	20	19
chr5B_part2:231770426-231771002	Cluster_9663	294	0	0	0	0	0	46	59	10	14	28	39	13	46	6	18	15
chr5B_part2:242941539-242941609	Cluster_9679	466	1	1	0	0	0	67	107	1	21	67	34	1	105	8	32	21
chr5D_part1:4047450-4049725	Cluster_9726	1732	0	0	1	2	0	230	376	27	135	182	171	66	266	67	92	117
chr5D_part1:4051298-4052497	Cluster_9727	6949	0	0	1	1	1	1001	1347	89	548	740	742	247	1173	229	401	429
chr5D_part1:4052934-4053149	Cluster_9728	3773	1	0	2	2	0	487	752	61	312	399	534	144	490	149	212	228
chr5D_part1:4053664-4053918	Cluster_9729	4849	3	0	2	1	0	653	905	83	353	494	541	296	697	231	287	303
chr5D_part1:4053989-4054244	Cluster_9730	1875	1	0	0	0	0	255	496	17	150	264	138	34	231	60	122	107
chr5D_part1:14391324-14392790	Cluster_9803	654	0	0	0	0	0	105	111	11	53	76	69	35	105	21	31	37
chr5D_part1:83923044-83923145	Cluster_9931	23335	3	2	5	6	16	3410	5776	212	1219	2757	2071	1165	4692	557	830	614
chr5D_part1:322788342-322788366	Cluster_10137	398	1	0	0	0	0	76	68	3	25	39	12	3	104	9	15	43
chr5D_part1:329126107-329126407	Cluster_10151	1995	0	0	0	2	0	359	275	46	198	282	39	6	462	10	121	195
chr5D_part1:339371559-339371696	Cluster_10180	3165	0	0	1	2	0	533	519	61	218	320	307	144	500	158	195	207
chr5D_part1:350379794-350379900	Cluster_10197	323	0	0	0	0	0	44	45	7	29	39	26	16	50	13	26	28
chr5D_part1:370721015-370722370	Cluster_10232	2646	0	0	0	1	0	297	395	32	134	187	277	163	578	130	240	212
chr5D_part1:370722696-370723472	Cluster_10234	312	0	0	0	0	0	42	62	1	25	28	33	21	30	12	26	32
chr5D_part1:370724699-370725673	Cluster_10236	368	0	0	0	0	0	57	65	4	27	17	38	23	63	21	24	29
chr5D_part1:370725971-370726752	Cluster_10238	1259	0	0	0	0	0	113	170	18	72	77	147	74	240	85	136	127
chr5D_part1:370730499-370730549	Cluster_10239	323	0	0	0	0	0	21	62	7	19	29	34	17	41	30	30	33
chr5D_part1:370732128-370732277	Cluster_10240	43551	2	1	14	29	24	5557	8302	609	2727	3797	6661	2299	6170	1974	2554	2831
chr5D_part2:37412228-37412383	Cluster_10500	296	0	0	0	0	0	18	40	7	20	38	59	8	43	25	18	20
chr5D_part2:41925368-41925415	Cluster_10507	259	0	0	0	1	0	10	8	33	28	27	20	14	11	45	35	27
chr5D_part2:42313809-42313897	Cluster_10509	871	0	0	0	1	0	115	109	9	68	57	72	31	200	51	64	94
chr5D_part2:47413500-47413680	Cluster_10527	11505	3	4	5	5	1	1739	285	1269	1761	1307	178	40	2776	263	637	1232
chr5D_part2:74552512-74555115	Cluster_10645	543	0	0	0	0	0	62	107	5	39	55	71	36	78	18	39	33
chr5D_part2:74560272-74562561	Cluster_10650	580	0	0	0	0	0	83	112	2	26	62	65	8	121	27	40	34
chr5D_part2:85838125-85838182	Cluster_10675	292	0	0	0	0	0	28	47	6	13	29	44	12	41	30	24	18
chr6A_part1:21074765-21074855	Cluster_10750	264	0	0	0	0	0	28	39	8	23	35	25	19	30	12	31	14
chr6A_part1:21074943-21075021	Cluster_10751	298	0	0	0	0	0	31	43	6	26	47	19	7	49	13	24	33
chr6A_part1:37414062-37414089	Cluster_10780	328	4	1	1	1	2	62	9	38	31	33	10	5	55	15	18	43
chr6A_part1:107501505-107501831	Cluster_10884	284	0	0	1	0	0	18	44	7	24	30	47	10	39	20	22	22
chr6A_part1:112588715-112588940	Cluster_10897	6315	0	0	0	0	0	704	1251	50	559	715	837	120	805	217	505	552
chr6A_part1:406363908-406364169	Cluster_11019	623	0	0	0	0	1	77	129	6	32	43	130	21	77	35	44	28
chr6A_part1:407123409-407123582	Cluster_11020	269	0	0	0	0	1	30	38	3	28	26	32	9	43	21	13	25
chr6A_part1:437636819-437637116	Cluster_11029	3260	0	0	0	1	1	429	593	44	263	319	563	97	471	128	153	198
chr6A_part2:116064328-116064589	Cluster_11151	794	0	0	0	0	0	102	140	11	32	78	87	37	147	45	62	53
chr6A_part2:116065400-116065471	Cluster_11152	260	0	0	0	0	0	40	52	1	19	23	33	5	51	11	9	16
chr6A_part2:143547710-143547743	Cluster_11205	4592	6	0	2	7	0	772	1188	11	485	659	440	16	470	152	167	217
chr6A_part2:143940573-143940854	Cluster_11220	306	0	0	0	0	0	27	42	5	19	14	30	23	74	18	27	27
chr6A_part2:143940970-143941402	Cluster_11221	851	0	0	0	0	0	81	94	9	48	67	82	84	170	55	70	91
chr6A_part2:143941505-143941967	Cluster_11222	497	0	0	0	0	0	22	70	9	19	50	67	50	93	36	45	36
chr6A_part2:159692293-159692320	Cluster_11252	291	0	0	0	0	0	8	16	27	24	11	23	19	9	49	63	42
chr6B_part1:24939189-24939500	Cluster_11296	481	0	0	0	0	1	49	79	3	35	43	63	11	106	31	32	28
chr6B_part1:33510769-33510792	Cluster_11320	582	155	113	93	139	0	0	0	0	0	0	0	1	6	14	47	14
chr6B_part1:38017027-38017144	Cluster_11325	246	0	0	0	1	0	19	14	10	27	15	31	4	24	16	38	47
chr6B_part1:66495870-66497470	Cluster_11360	362	0	0	0	0	0	66	130	5	13	25	98	9	5	5	2	4
chr6B_part1:68001173-68001283	Cluster_11371	437	0	0	0	0	0	63	137	2	36	58	64	22	30	4	10	11
chr6B_part1:130297079-130297104	Cluster_11443	1075	1	0	1	0	0	174	271	3	97	169	25	1	209	7	47	70
chr6B_part1:176770108-176770334	Cluster_11483	22970	2	2	1	8	3	2573	4442	409	1593	2235	3451	1733	2016	1278	1636	1588
chr6B_part1:195960820-195960873	Cluster_11490	543	0	0	0	0	0	23	27	49	68	44	28	29	27	65	103	80
chr6B_part1:214030410-214030581	Cluster_11499	10120	0	1	1	2	0	1036	2047	136	1121	1242	706	271	1279	408	826	1044
chr6B_part1:388014788-388014952	Cluster_11581	682	1	0	0	1	0	114	146	3	45	77	34	1	129	9	43	79
chr6B_part1:448349663-448349903	Cluster_11629	1422	0	1	0	1	0	216	230	11	108	135	146	51	262	71	92	98
chr6B_part2:187077776-187078273	Cluster_11827	261	0	0	0	0	0	33	46	4	30	28	27	5	44	8	16	20
chr6B_part2:187078358-187078637	Cluster_11828	3833	0	0	0	5	0	537	756	46	265	427	373	130	720	159	203	212
chr6B_part2:187078728-187078990	Cluster_11829	1537	1	0	0	0	0	211	274	22	110	145	159	44	299	56	103	113
chr6B_part2:187079610-187079899	Cluster_11830	1563	0	0	0	1	1	200	246	13	103	128	169	61	352	52	139	98
chr6B_part2:187079994-187080190	Cluster_11831	2844	0	0	0	1	1	370	368	59	235	258	262	74	534	127	278	277
chr6B_part2:201231626-201231691	Cluster_11849	1110	1	0	1	0	0	44	40	74	162	84	66	31	52	145	262	148
chr6B_part2:231937422-231937453	Cluster_11901	4585	9	4	0	6	3	727	1180	17	452	693	458	19	509	129	170	209
chr6B_part2:232380239-232380753	Cluster_11912	1831	0	0	0	0	2	206	285	35	136	175	300	108	239	120	103	122
chr6B_part2:232381718-232382173	Cluster_11913	1286	1	0	0	0	3	106	203	35	106	121	256	81	141	84	73	76
chr6D_part1:8482946-8482998	Cluster_11996	396	0	0	0	0	0	9	3	29	46	33	13	20	53	44	82	64
chr6D_part1:13299196-13299411	Cluster_12002	461	0	0	0	0	1	60	63	8	20	40	66	25	87	35	37	19
chr6D_part1:14011786-14011876	Cluster_12005	333	1	0	0	0	0	37	28	12	43	25	14	2	42	18	41	70
chr6D_part1:17297626-17299370	Cluster_12018	261	0	0	0	0	0	41	51	3	24	28	23	11	41	6	13	20
chr6D_part1:20810837-20810922	Cluster_12027	646	0	0	0	0	1	68	65	14	50	78	33	14	136	27	65	95
chr6D_part1:24030186-24030548	Cluster_12033	476	0	0	0	0	0	41	60	11	46	52	61	15	90	31	30	39
chr6D_part1:43191739-43191822	Cluster_12069	18893	0	1	1	2	2	1625	3825	293	1132	1654	2637	933	2147	1443	1718	1480
chr6D_part1:48469159-48469353	Cluster_12091	415	0	0	0	0	0	39	62	11	32	43	47	30	70	29	18	34
chr6D_part1:54662530-54663151	Cluster_12115	255	0	0	0	0	0	23	45	5	21	19	43	5	41	17	16	20
chr6D_part1:58033938-58034017	Cluster_12120	7781	1	0	1	6	0	1246	1592	30	608	1206	197	1	1741	30	460	662
chr6D_part1:63841687-63843397	Cluster_12131	265	0	0	0	0	0	26	45	1	18	27	28	9	58	19	15	19
chr6D_part1:95858476-95858704	Cluster_12171	14759	0	1	3	3	5	1635	2828	287	961	1320	1955	1203	1497	889	1121	1051
chr6D_part1:104978685-104978964	Cluster_12188	12764	5	0	0	3	0	1883	2022	208	934	1234	1276	463	2419	533	784	1000
chr6D_part1:122258453-122258573	Cluster_12204	889	0	0	0	0	0	97	163	8	83	108	63	29	116	40	78	104
chr6D_part1:129482791-129483087	Cluster_12212	439	0	0	0	0	0	49	62	5	50	48	46	26	73	31	25	24
chr6D_part1:276394522-276394542	Cluster_12294	1116	250	322	250	276	0	0	0	0	0	0	0	2	1	3	2	10
chr6D_part1:287888778-287889032	Cluster_12301	2387	0	0	0	0	0	321	454	31	182	241	361	74	390	81	120	132
chr6D_part1:404223121-404223212	Cluster_12422	367	1	0	0	0	0	63	92	0	20	43	36	2	67	9	15	19
chr6D_part1:418216509-418216530	Cluster_12443	277	0	0	0	1	0	33	18	3	26	19	6	2	102	6	34	27
chr6D_part1:418216630-418216755	Cluster_12444	2451	3	2	2	6	0	337	306	38	191	192	173	62	511	164	231	233
chr6D_part1:423795486-423795764	Cluster_12451	2580	0	1	0	3	0	417	630	33	171	283	253	52	436	61	112	128
chr6D_part1:423795872-423796531	Cluster_12452	25546	5	2	4	6	8	3819	5199	310	1689	2730	2795	720	4545	816	1401	1497
chr6D_part1:423797089-423797693	Cluster_12453	57652	21	8	11	17	10	8222	9867	760	4270	5732	5322	1914	10792	2038	4012	4656
chr6D_part2:18326-18490	Cluster_12532	4695	5	2	2	4	1	787	1207	15	452	690	463	19	499	144	203	202
chr6D_part2:310753-310845	Cluster_12543	1008	0	0	0	0	1	124	154	4	41	125	67	35	270	31	82	74
chr6D_part2:3300455-3300475	Cluster_12552	252	57	62	52	81	0	0	0	0	0	0	0	0	0	0	0	0
chr6D_part2:11449827-11450434	Cluster_12578	451	0	0	0	0	0	57	79	9	30	44	73	16	62	24	23	34
chr6D_part2:11450519-11451593	Cluster_12579	349	0	0	0	0	0	47	56	7	29	32	43	13	45	25	27	25
chr6D_part2:15278347-15278370	Cluster_12592	298	0	0	0	0	0	13	16	17	44	19	20	11	5	52	64	37
chr6D_part2:18924345-18924504	Cluster_12596	749	1	0	0	0	0	52	142	7	54	86	129	5	102	21	82	68
chr7A_part1:2676191-2677670	Cluster_12609	492	0	0	1	0	0	49	71	8	21	47	70	24	110	21	28	42
chr7A_part1:62747541-62748168	Cluster_12709	1059	0	0	0	0	0	76	120	5	117	78	184	49	162	95	76	97
chr7A_part1:62754578-62755341	Cluster_12711	1566	0	1	0	1	0	127	220	32	153	133	223	86	227	109	119	135
chr7A_part1:70110771-70111008	Cluster_12735	297	0	0	0	0	0	39	35	1	17	30	40	7	61	26	15	26
chr7A_part1:71680049-71680071	Cluster_12737	1382	0	0	1	0	0	204	253	29	125	163	56	25	297	13	109	107
chr7A_part1:72699175-72699319	Cluster_12740	413	0	0	0	0	0	75	82	5	38	44	23	4	90	6	22	24
chr7A_part1:72700594-72700677	Cluster_12741	1396	1	0	0	0	1	173	392	14	111	183	175	9	202	22	57	56
chr7A_part1:80067457-80067603	Cluster_12749	1127	7	3	2	1	1	75	40	144	114	67	12	62	119	172	139	169
chr7A_part1:83012026-83012225	Cluster_12755	436	0	0	0	0	0	56	67	13	42	43	45	29	75	28	18	20
chr7A_part1:122346909-122347206	Cluster_12816	303	0	0	0	0	0	32	46	5	21	26	37	13	55	25	22	21
chr7A_part1:176432716-176433219	Cluster_12868	301	0	0	0	0	0	43	53	5	27	32	51	9	34	12	16	19
chr7A_part1:304144775-304144798	Cluster_12961	630	118	199	141	169	0	0	0	0	0	0	0	0	0	3	0	0
chr7A_part1:320479543-320479567	Cluster_12963	261	72	75	48	64	0	0	0	0	0	0	0	0	0	1	0	1
chr7A_part1:352192924-352193485	Cluster_12983	1290	6	0	1	7	1	126	46	252	228	140	60	66	112	78	75	92
chr7A_part2:49328559-49328579	Cluster_13078	294	72	106	66	50	0	0	0	0	0	0	0	0	0	0	0	0
chr7A_part2:103945776-103945972	Cluster_13135	9845	0	4	2	2	2	1292	1774	40	872	1567	704	58	2008	179	587	754
chr7A_part2:103946049-103946324	Cluster_13136	910	0	0	0	0	0	157	169	6	77	111	56	11	202	8	50	63
chr7A_part2:111105171-111105353	Cluster_13151	3318	3	2	3	0	2	412	442	46	190	279	223	225	515	266	348	362
chr7A_part2:184983765-184983924	Cluster_13259	2235	1	0	0	0	0	283	134	139	316	234	105	84	517	140	79	203
chr7A_part2:184986076-184986296	Cluster_13265	1062	4	1	0	2	1	77	52	32	114	76	65	7	228	36	134	233
chr7A_part2:197816685-197816855	Cluster_13289	2200	2	0	0	0	0	249	449	48	182	254	148	110	178	148	199	233
chr7A_part2:225345293-225345413	Cluster_13335	682	0	0	0	0	0	125	218	1	36	82	64	2	100	5	18	31
chr7A_part2:225345679-225346076	Cluster_13336	268	0	0	0	0	0	32	70	2	18	29	20	7	40	9	20	21
chr7A_part2:250432160-250432215	Cluster_13380	275	0	0	0	0	0	7	16	35	53	27	24	13	10	30	44	16
chr7B_part1:14213708-14213732	Cluster_13452	2756	1	1	1	0	0	389	521	18	198	332	167	41	550	99	196	242
chr7B_part1:32024479-32024714	Cluster_13475	351	0	0	0	0	0	42	86	1	20	39	30	10	61	16	30	16
chr7B_part1:106126436-106127725	Cluster_13559	468	0	0	0	1	0	52	71	6	28	45	70	16	78	27	37	37
chr7B_part1:112632601-112632663	Cluster_13569	290	0	0	0	0	0	29	48	8	27	59	19	1	44	9	17	29
chr7B_part1:145784733-145784918	Cluster_13612	328	0	0	1	0	0	47	56	7	24	15	45	32	49	14	18	20
chr7B_part1:164100279-164100361	Cluster_13624	501	0	0	1	0	0	69	79	6	36	44	63	7	87	37	41	31
chr7B_part1:272696823-272696921	Cluster_13678	275	0	0	0	0	1	24	45	6	23	28	43	15	44	14	13	19
chr7B_part1:302376153-302376175	Cluster_13691	5202	1282	1966	1453	393	0	0	1	0	2	0	1	14	15	26	24	25
chr7B_part1:424554896-424555060	Cluster_13751	265	0	0	0	0	0	21	28	5	18	29	35	25	43	23	17	21
chr7B_part1:438006261-438009438	Cluster_13759	807	0	0	0	0	0	127	182	14	59	100	87	34	105	18	39	42
chr7B_part2:19577318-19577402	Cluster_13786	341	0	0	0	0	0	42	66	3	18	27	38	24	42	18	34	29
chr7B_part2:59478926-59479542	Cluster_13805	13933	0	0	4	2	2	2120	2316	171	1082	1609	929	350	3018	341	808	1181
chr7B_part2:100533400-100533431	Cluster_13836	508	3	1	0	0	0	40	146	3	38	88	44	8	48	14	32	43
chr7B_part2:132752610-132752634	Cluster_13863	1202	353	422	359	53	0	0	0	0	0	1	0	1	2	4	3	4
chr7B_part2:138793693-138794027	Cluster_13870	1387	1	0	1	1	1	200	246	69	152	191	39	1	274	21	94	96
chr7B_part2:184871856-184871890	Cluster_13914	339	65	105	90	78	0	0	0	0	0	0	0	0	0	0	1	0
chr7B_part2:218834063-218834401	Cluster_13949	293	0	0	0	1	0	58	44	4	18	36	17	6	46	15	18	30
chr7B_part2:276101806-276101829	Cluster_14011	4997	1098	1696	1166	1027	0	0	0	0	1	0	0	3	2	2	1	1
chr7D_part1:31186223-31186635	Cluster_14100	246	0	0	0	0	0	16	41	4	29	32	35	13	33	15	10	18
chr7D_part1:33075206-33075420	Cluster_14108	601	0	0	0	0	0	44	110	11	39	58	103	37	69	57	46	27
chr7D_part1:44608801-44608849	Cluster_14128	356	0	0	0	0	0	24	12	19	56	30	21	8	40	41	71	34
chr7D_part1:53340712-53342448	Cluster_14140	330	0	0	0	1	0	41	48	5	25	29	38	18	58	17	26	24
chr7D_part1:58258254-58259102	Cluster_14146	6168	2	0	0	2	1	592	944	78	473	504	842	402	944	445	430	509
chr7D_part1:60696985-60697006	Cluster_14152	307	50	118	95	41	0	0	0	0	0	0	0	1	0	0	0	2
chr7D_part1:77024935-77024959	Cluster_14174	246	0	0	0	0	0	10	9	15	35	15	7	25	15	40	46	29
chr7D_part1:83553756-83554132	Cluster_14190	309	0	0	0	0	0	26	55	2	35	41	39	11	38	18	21	23
chr7D_part1:150757024-150757106	Cluster_14292	271	0	0	0	0	0	31	49	2	31	40	29	1	36	4	23	25
chr7D_part1:174444541-174445158	Cluster_14323	285	0	0	0	0	0	38	61	8	25	25	47	10	30	15	15	11
chr7D_part1:182511264-182511489	Cluster_14331	804	0	0	1	0	0	90	143	13	57	79	82	29	154	47	56	53
chr7D_part1:287332299-287332320	Cluster_14450	701	128	254	182	128	0	0	0	0	0	0	0	0	0	2	3	4
chr7D_part1:393021821-393021870	Cluster_14502	329	0	0	0	0	1	17	13	36	53	21	23	31	11	62	39	22
chr7D_part1:447051700-447051910	Cluster_14540	260	0	0	0	1	0	22	37	5	22	18	28	8	55	20	21	23
chr7D_part2:31725313-31725503	Cluster_14574	1137	1	0	0	0	0	143	217	10	96	164	72	5	244	26	67	92
chr7D_part2:31725695-31725891	Cluster_14575	1464	0	0	0	1	1	225	281	10	122	180	95	22	306	28	85	108
chr7D_part2:35632988-35633096	Cluster_14581	374	0	0	0	0	0	42	21	59	94	51	19	3	21	16	22	26
chr7D_part2:47207597-47207828	Cluster_14596	521	0	0	0	0	0	44	94	14	25	47	106	54	41	40	29	27
chr7D_part2:62410959-62411369	Cluster_14608	3854	5	0	3	4	1	479	924	158	330	553	336	61	430	94	192	284
chr7D_part2:95733550-95733773	Cluster_14657	606	4	1	0	0	0	50	16	21	57	37	22	2	139	20	90	147
chr7D_part2:122279977-122281507	Cluster_14704	1117	0	0	0	0	0	121	199	19	59	89	150	90	169	61	78	82
chr7D_part2:125982352-125982373	Cluster_14713	580	161	221	148	40	0	0	0	0	0	0	0	1	0	1	4	4
chr7D_part2:141272205-141272317	Cluster_14740	277	0	0	0	0	0	44	52	2	11	24	31	5	64	12	18	14
chr7D_part2:141762989-141763025	Cluster_14742	1656	0	0	0	0	1	273	387	0	137	355	55	1	321	7	56	63
chr7D_part2:157931994-157932014	Cluster_14770	717	133	258	187	132	0	0	0	0	0	0	0	0	2	1	3	1
chr7D_part2:161034687-161034865	Cluster_14782	23729	4	1	4	3	1	3891	4031	118	1986	3595	452	14	5997	123	1449	2060
chrUn:15957156-15957206	Cluster_14824	694	0	0	0	0	3	21	26	63	98	57	49	33	43	98	129	74
chrUn:91214476-91215089	Cluster_14895	1302	0	0	0	1	0	102	162	9	131	112	190	57	205	112	101	120
