PGT21_002141	0.0	0.0	0.0	0.0	0.0	0.0	0.0	0.0
PGT21_034248	0.0	0.0	0.0	0.0	0.0	0.0	0.0	0.0
PGT21_026404	0.183066	0.098935	0.0	0.0	0.0	0.110599666667	0.0	0.145863666667
PGT21_020237	0.0	0.0601236666667	0.0	0.0	0.0	0.0	0.0	0.415253333333
PGT21_026501	1.23564766667	0.00808866666667	0.0	0.0	0.0	0.118323	0.130586333333	0.049532
PGT21_022576	1.052793	5.639264	7.52886233333	0.0	0.765425666667	0.172578333333	0.611245	1.20452333333
PGT21_013801	0.0	0.0	0.0	0.0	0.0	0.0	0.0	0.0
PGT21_028631	0.501260333333	0.0	0.0	0.0	0.0	0.0	0.0	0.0
PGT21_033286	0.0	0.0	0.0	0.0	0.0	0.0	0.0	0.0
PGT21_019456	0.0	0.0	0.0	0.0	0.0	0.0	0.0	0.0
PGT21_005033	0.095405	0.008976	0.0	0.0	0.0	0.0	0.0	0.0
PGT21_000476	0.0917946666667	0.0	0.0	0.0	0.0	0.0	0.0	0.0
PGT21_016694	0.0	0.0	0.0	0.0	0.0	0.0	0.0	0.421927
PGT21_016933	0.0	0.0	0.0	0.0	0.0	0.0	0.0	0.0
PGT21_020007	0.0	0.0	0.0	0.0	0.0	0.0	0.0	0.0
PGT21_015561	0.0	0.0	0.0	0.0	0.0	0.0	0.0	0.0
PGT21_000536	0.0	0.0	0.0	0.0	0.0	0.0	0.0	0.0
PGT21_034410	0.0	0.0	0.0	0.0	0.0	0.0	0.0	0.0
PGT21_017373	0.0161293333333	0.0	0.0	0.0	0.0	0.113111	0.0	0.0
PGT21_023425	0.0310173333333	0.0	0.0	0.0	0.0	0.0	0.0	0.0
PGT21_018349	0.0644	0.0494293333333	0.0	0.0	0.0	0.227874	0.0	0.244702666667
PGT21_024956	0.0747113333333	0.0	0.0	0.0	0.0	0.0	1.03251266667	0.350136333333
PGT21_015196	0.100650666667	0.0	0.0	0.0	0.0	0.0650656666667	0.0	0.0
PGT21_021501	0.0	0.0	0.0	0.0	0.0	0.0	0.0	0.0
PGT21_011914	0.752559666667	0.0	0.0	0.0	0.0	0.0	0.0	0.308543
PGT21_031038	3.489664	0.0	0.0	0.0	0.0	0.0	0.0	0.0
PGT21_016517	0.0	0.0	0.0	0.0	0.0	0.0	0.0	0.0
PGT21_018147	0.0	0.0	0.0	0.0	0.0	0.0	0.0	0.0
PGT21_008979	0.0	0.0	0.0	0.0	0.0	0.0	0.0	0.0
PGT21_035886	0.0	0.0	0.0	0.0	0.0	0.0	0.0	0.0
PGT21_026078	0.0	0.0	0.0	0.0	0.0	0.0	0.0	0.0
PGT21_019828	0.0	0.0	0.0	0.0	0.0	0.265754666667	0.0	0.0556246666667
PGT21_037155	0.0	0.0	0.0	0.0	0.0	0.0	0.0	0.0
PGT21_018623	0.0	0.0	0.0	0.0	0.0	0.0	0.0	0.0
PGT21_010610	0.0	0.0	0.0	0.0	0.0	0.0	0.0	0.0
PGT21_008293	0.0	0.0	0.0	0.0	0.0	0.0	0.0	0.0
PGT21_026064	0.0	0.0	0.0	0.0	0.0	0.0	0.0	0.0
PGT21_028932	6.58040966667	2.272135	0.606888	4.11457833333	2.34313	3.43206666667	2.41684433333	3.393502
PGT21_023258	0.0721403333333	0.0	0.0	0.0	0.0	0.0	0.0	0.0
PGT21_011582	0.049602	0.0	0.0	0.0	0.0	0.0	0.0	0.0
PGT21_008646	0.0765363333333	0.0	0.0	0.0	0.0	0.0	0.20075	0.0
PGT21_019023	0.0	0.0	0.0	0.0	0.0	0.0	0.0	0.0
PGT21_000760	0.0	0.0	0.0	0.0	0.0	0.0	0.0	0.0987076666667
PGT21_005705	0.0	0.0	0.0	0.0	0.0	0.0	0.0	0.0
PGT21_012803	0.0	0.0	0.0	0.0	0.0	0.0	0.0	0.0
PGT21_006494	139.918302333	0.00948233333333	96.0389416667	22.5139333333	18.0618936667	11.8385023333	8.02776033333	3.820744
PGT21_005711	0.0	0.0	0.0	0.0	0.0	0.0	0.0	0.118643666667
PGT21_002715	0.353559	0.0	0.0	0.0	0.0	0.0	0.0	0.0
PGT21_014088	0.0	0.0	0.0	0.0	0.0	0.0	0.0	0.0
PGT21_023653	0.029091	0.0	0.0	0.0	0.0	0.0	0.0	0.0889493333333
PGT21_005843	0.0	0.0	0.0	0.0	0.0	0.0	0.0	0.0
PGT21_016133	0.0	0.0	0.0	0.0	0.0	0.0	0.0	0.0
PGT21_017535	0.0	0.0	0.0	0.0	0.0	0.0	0.0	0.0
PGT21_026899	0.159675	0.0	0.0	0.0	0.0	0.0	0.698595	1.12832966667
PGT21_015243	0.0	0.0	0.0	0.0	0.0	0.0	0.0	0.0
PGT21_015202	0.318219	0.0	0.0	0.0	0.0	0.0	0.205501333333	0.0
PGT21_002338	0.0	0.0	0.0	0.0	0.0	0.0	0.0	0.0
PGT21_007292	0.321289666667	0.00933733333333	0.0	0.0	0.0	0.0	0.0	0.0
PGT21_018171	0.0	0.0	0.0	0.0	0.0	0.0	0.0	0.0
PGT21_031670	0.0	0.0	0.0	0.0	0.0	0.0	0.0	0.0
PGT21_018793	0.0	0.0	0.0	0.0	0.0	0.0	0.0	0.0
PGT21_020332	0.0	0.0	0.0	0.0	0.0	0.0	0.0	0.0
PGT21_017421	0.0	0.0	0.0	0.0	0.0	0.0	0.0	0.0
PGT21_028138	0.0	0.0	0.0	0.0	0.0	0.0	0.0	0.0
PGT21_033408	0.0	0.0	0.0	0.0	0.0	0.0	0.0	0.0391523333333
PGT21_036360	0.0	0.239937	0.0	0.0	0.0	0.0	0.0	0.0
PGT21_029955	0.0	0.0	0.0	0.0	0.0	0.0	0.0	0.0
PGT21_030217	0.0	0.0	0.0	0.0	0.0	0.0	0.0	0.0
PGT21_014785	0.0	0.0	0.0	0.0	0.0	0.0	0.0	0.0
PGT21_003162	4.15097733333	0.749515666667	0.0	0.0	0.0	0.166440666667	0.501590666667	0.577755333333
PGT21_006352	0.833701	1.08489866667	0.0	0.0	0.0	0.0	0.0	0.518844
PGT21_027307	0.0	0.0	0.0	0.0	0.0	0.0	0.0	0.0
PGT21_024279	1.65293133333	0.205744	0.0	0.0	2.64394033333	0.0	1.22495	1.061059
PGT21_001207	0.846288666667	0.0	0.0	0.0	0.0	0.0	0.0	0.0
PGT21_034253	0.0	0.0	0.0	0.0	0.0	0.0	0.0	0.0
PGT21_030508	0.0	0.0	0.0	0.0	0.0	0.0	0.0	0.0
PGT21_012513	0.0	0.0	0.0	0.0	0.0	0.0	0.0	0.0
PGT21_021977	0.0	0.0	0.0	0.0	0.0	0.0	0.0	0.0
PGT21_028607	0.0	0.0	0.0	0.0	0.0	0.0	0.0	0.0
PGT21_031867	0.092651	0.0	0.0	0.0	0.0	0.0	0.0	0.0542493333333
PGT21_024306	0.0	0.0	0.0	0.0	0.0	0.0	0.0	0.0
PGT21_015375	0.422220666667	0.0356703333333	0.0	0.0	0.0	0.184766666667	0.578466	0.260924
PGT21_016956	0.0	0.0	0.0	0.0	0.0	0.0	0.0	0.0
PGT21_030590	0.0615886666667	0.0213653333333	0.0	0.0	0.0	0.0	0.217861333333	0.0331
PGT21_029433	0.0215653333333	0.0	0.0	0.0	0.0	0.1471	0.0	0.142915
PGT21_018417	0.0	0.0	0.0	0.0	0.0	0.0	0.0	0.0
PGT21_030160	0.0	0.0	0.0	0.0	0.0	0.0	0.0	0.0
PGT21_029889	0.0201336666667	0.0	2.641706	0.0	0.0	0.0	0.0	0.0
PGT21_034757	0.0	0.0	0.0	0.0	0.0	0.0	0.0	0.0
PGT21_035803	0.0	0.0	0.0	0.0	0.0	0.0	0.0	0.0
PGT21_019875	0.0	0.0	0.0	0.0	0.0	0.0	0.0	0.0
PGT21_016866	0.0125603333333	0.0	0.0	0.0	0.0	0.0	0.0	0.0
PGT21_035719	0.0	0.0	0.0	0.0	0.0	0.0	0.0	0.0
PGT21_001545	0.0	0.0	0.0	0.0	0.0	0.0	0.0	0.0
PGT21_007711	0.246924333333	0.0	0.0	0.0	0.0	0.0	0.0	0.0
PGT21_012239	0.044839	0.009565	0.0	0.0	0.0	0.0841383333333	0.0858136666667	0.03839
PGT21_034923	0.0	0.0	0.0	0.0	0.0	0.0	0.0	0.0
PGT21_033273	0.0	0.0	0.0	0.0	0.0	0.0	0.0	0.0
PGT21_035869	0.0	0.0	0.0	0.0	0.0	0.0	0.0	0.0
PGT21_005233	0.0	0.0	0.0	0.0	0.0	0.0	0.0	0.198599333333
PGT21_014635	0.0	0.0	0.0	0.0	0.0	0.0	0.0	0.0
PGT21_012346	0.0278636666667	0.0100743333333	0.0	0.0	0.0	0.074796	0.069811	0.0
PGT21_033449	0.132434	0.01649	0.0	0.0	0.0	0.0	0.0	0.0
PGT21_010762	0.0	0.0	0.0	0.0	0.0	0.0	0.0	0.0
PGT21_005442	0.0	0.0	0.0	0.0	0.0	0.0	0.0	0.0
PGT21_021683	1.85815933333	0.00922933333333	0.0	0.0	0.0	0.0	0.363171666667	0.0
PGT21_021286	2.432791	0.0	0.0	0.0	0.0	0.0	0.0	0.0
PGT21_003959	0.0	0.0	0.0	0.0	0.0	0.0	0.0	0.0
PGT21_030756	0.0	0.0	0.0	0.0	0.0	0.0	0.0	0.0
PGT21_029281	0.274935666667	0.0	0.0	0.0	0.0	0.0	0.0	0.0
PGT21_033563	0.0	0.0	0.0	0.0	0.0	0.0	0.0	0.0691093333333
PGT21_017384	0.0	0.0	0.0	0.0	0.0	0.0	0.0	0.0
PGT21_017290	0.0458946666667	0.0	0.0	0.0	0.0	0.0231233333333	0.0255196666667	0.0
PGT21_014659	0.110258	0.0	0.0	0.0	0.0	0.0	0.0	0.0
PGT21_018071	0.536754333333	0.0	0.0	0.0	0.0	0.0	0.0	0.0
PGT21_011820	3.37165533333	0.084522	0.0	0.0	0.0	0.554394	0.470156	1.231771
PGT21_005817	0.0	0.0	0.0	0.0	0.0	0.0	0.0	0.0
PGT21_027047	0.158870333333	0.0	0.0	0.0	0.0	0.0	0.0	0.0
PGT21_011489	0.0	0.0	0.0	0.0	0.0	0.0	0.0	0.0
PGT21_026091	0.179479666667	0.0	0.0	0.0	0.0	0.0	0.0	0.0862036666667
PGT21_025411	0.0	0.0	0.0	0.0	0.0	0.0	0.0	0.0
PGT21_026388	0.0	0.0	0.0	0.0	0.0	0.0	0.0	0.0
PGT21_012043	0.0	0.0	0.0	0.0	0.0	0.0	0.0	0.0
PGT21_013236	0.159961666667	0.00570033333333	0.0	0.0	0.0	0.0	0.0	0.0
PGT21_010351	0.0	0.0	0.0	0.0	0.0	0.0	0.0	0.064335
PGT21_015944	0.0	0.0	0.0	0.0	0.0	0.0	0.0	0.0
PGT21_020180	0.469121333333	0.0	0.0	0.0	0.0	0.0	0.0	0.100237333333
PGT21_009971	21.7451773333	5.415411	0.0	17.0049463333	8.634899	14.6640926667	14.5750546667	13.3748296667
PGT21_014215	0.0317243333333	0.0	0.0	0.0	0.0	0.0	0.0	0.0
PGT21_012117	0.0	0.0	0.0	0.0	0.0	0.0	0.0	0.0
PGT21_032217	0.0	0.0	0.0	0.0	0.0	0.0	0.0	0.0
PGT21_032193	0.0	0.0	0.0	0.0	0.0	0.0	0.0	0.0
PGT21_034561	0.0	0.0	0.0	0.0	0.0	0.0	0.0	0.200049
PGT21_013110	0.0548733333333	0.0	0.0	0.0	0.0	0.0	0.0	0.0
PGT21_034993	0.031329	0.0	0.0	0.0	0.0	0.0	0.0	0.0
PGT21_001089	0.0	0.0	0.0	0.0	0.0	0.0	0.0	0.0122956666667
PGT21_021474	0.0	0.0	0.0	0.0	0.0	0.0	0.0	0.0
PGT21_036241	0.0	0.0	0.0	0.0	0.0	0.0	0.0	0.0
PGT21_019057	0.0	0.0	0.0	0.0	0.0	0.0	0.0	0.0
PGT21_001286	0.0	0.0	0.0	0.0	0.0	0.0	0.0	0.0
PGT21_021945	0.0	0.0	0.0	0.0	0.0	0.0	0.0	0.0
PGT21_027120	0.0	0.0	0.0	0.0	0.0	0.0	0.0	0.0
PGT21_020623	0.0	0.0	0.0	0.0	0.133335	0.0	0.0	0.0
PGT21_026765	0.0	0.0	0.0	0.0	0.0	0.0	0.0	0.0
PGT21_019128	1.09631933333	0.00912133333333	0.0	0.0	0.0	2.77025366667	3.235455	10.8255313333
PGT21_011047	2.258883	0.044025	0.0	0.0	0.0	0.0	0.0	0.0
PGT21_037273	0.255481	0.0	0.0	0.0	0.0	0.0	0.0	0.158745666667
PGT21_027325	0.0858713333333	0.0	0.0	0.0	0.0	0.0	0.0422673333333	0.0647216666667
PGT21_023835	0.0	0.0	0.0	0.0	0.0	0.0	0.0	0.0
PGT21_027512	5.07280466667	1.829389	14.785709	1.04566533333	0.0	5.35364933333	2.19489533333	5.10335033333
PGT21_016455	0.121365333333	0.00638633333333	0.0	0.0	0.0	0.0	0.131500333333	0.0531626666667
PGT21_013070	0.0465003333333	0.0	0.0	0.0	0.0	0.0	0.0	0.0986936666667
PGT21_024369	0.0	0.0	0.0	0.0	0.0	0.0	0.0	0.0
PGT21_014469	0.0	0.0	0.0	0.0	0.0	0.0	0.0	0.0
PGT21_012300	0.036271	0.0	0.0	0.0	0.0	0.0	0.0	0.0
PGT21_024830	0.0	0.0	0.0	0.0	0.0	0.0	0.0	0.0
PGT21_003885	0.0	0.0	0.0	0.0	0.0	0.0	0.0	0.158434
PGT21_022217	0.0	0.0	0.0	0.0	0.0	0.0	0.0	0.0
PGT21_037519	8.03310366667	0.0	0.0	0.0	0.378329666667	0.328066666667	0.724701	0.842548333333
PGT21_016347	0.163828666667	0.0	0.0	0.0	0.0	0.0	0.0	0.028668
PGT21_010230	0.239099	0.0964026666667	0.0	0.0	0.0	0.0	0.098393	0.244991333333
PGT21_016793	0.0	0.0	0.0	0.0	0.0	0.0	0.0	0.0
PGT21_023413	0.0217413333333	0.0	0.0	0.0	0.0	0.0	0.0	0.0
PGT21_014811	0.119560666667	0.162036333333	0.0	0.0	0.0	0.0	0.0	0.262304
PGT21_034652	0.0	0.0	0.0	0.0	0.0	0.0	0.0	0.0
PGT21_021094	0.266413333333	0.0	0.0	0.0	0.0	0.0	0.0	0.0
PGT21_006342	1058.292198	0.0516826666667	218.417968	158.133871333	147.244077	73.8125823333	42.1858006667	24.2825206667
PGT21_016101	2.16130633333	1.23226233333	0.0	0.0	0.0	0.0	0.0	33.5132363333
PGT21_018735	0.104587	0.0863596666667	0.0	0.0	0.0	0.326864666667	0.0	0.0
PGT21_018314	0.0204126666667	0.0	0.0	0.0	0.0	0.134798666667	0.0	0.0
PGT21_032432	0.0	0.0	0.0	0.0	0.0	0.0	0.0	0.0
PGT21_031044	0.144523666667	0.0	0.0	0.0	0.0	0.0	0.0	0.0
PGT21_034918	0.539585333333	0.0	0.0	0.0	0.0	0.0	0.0	0.0
PGT21_021360	0.398393666667	0.0	0.0	0.0	0.0	0.0	0.303501	0.617086
PGT21_026872	9.334297	0.738818333333	3.68137566667	1.27574933333	4.71883566667	4.674548	5.96387766667	13.783667
PGT21_020726	0.386658666667	0.0	0.0	2.736623	0.0	0.0	0.0	0.0
PGT21_024314	36.6491746667	1.328944	0.0	0.0	0.952426333333	0.0	0.176381333333	0.500466
PGT21_026963	2.121687	0.310508666667	0.0	0.0	0.0	5.604527	6.18539133333	0.0
PGT21_008685	0.238111666667	0.0	0.0	0.0	0.0	0.271654	0.0	0.332857333333
PGT21_032540	0.0	0.0	0.0	0.0	0.0	0.0	0.0	0.0
PGT21_008998	0.0	0.179866333333	0.0	0.0	0.0	0.0	0.0	0.0
PGT21_018728	0.0	0.0	0.0	0.0	0.0	0.0	0.0	0.0
PGT21_022417	0.689257333333	1.669281	0.0	0.0	0.0	2.878744	0.0	1.266592
PGT21_009113	4.411866	0.186844333333	0.0	0.0	0.0	0.0	0.598395	0.0
PGT21_021325	0.0	0.0	0.0	0.0	0.0	0.0	0.0	0.0
PGT21_031148	0.0	0.0	0.0	0.0	0.0	27.391193	0.0	0.0
PGT21_003711	0.0	0.0	0.0	0.0	0.0	0.0	0.0	0.0
PGT21_014174	0.0893913333333	0.0	0.0	0.0	0.0	0.0	0.0	0.0
PGT21_000608	0.0	0.0	0.0	0.0	0.0	0.0	0.0	0.0
PGT21_002663	0.0	0.0	0.0	0.0	0.0	0.0	0.0	0.0
PGT21_034052	0.802811333333	0.0	0.0	0.0	0.0	0.0	0.0	0.082296
PGT21_037297	0.0	0.0	0.0	0.0	0.0	0.0	0.0	0.0
PGT21_009374	0.0	0.0	0.0	0.0	0.0	0.0	0.0	0.0
PGT21_015732	0.0	0.0	0.0	0.0	0.0	0.0	0.0	0.0
PGT21_029934	0.0	0.0	0.0	0.0	0.0	0.0	0.0	0.0
PGT21_033325	0.0	0.0	0.0	0.0	0.0	0.0	0.0	0.0
PGT21_005644	2.784154	0.157473666667	0.0	0.0	0.0	0.0	0.0	0.0
PGT21_022214	0.0	0.0	0.0	0.0	0.0	0.0	0.0	0.0
PGT21_009966	0.0	0.0	0.0	0.0	0.0	0.0	0.0	0.0
PGT21_014232	57.6951323333	13.8713733333	0.0	13.446001	47.1721416667	47.2155456667	44.8885643333	38.6863143333
PGT21_037220	0.254118666667	0.184273666667	0.0	0.0	0.0	0.0	0.0	0.169321
PGT21_023050	0.483318333333	0.756932666667	0.0	0.0	1.35507166667	2.32386866667	3.394363	3.78289033333
PGT21_026115	0.0	0.0	0.0	0.0	0.0	0.0	0.0	0.0
PGT21_015872	0.0	0.0	0.0	0.0	0.0	0.0	0.0	0.0
PGT21_020279	55.0172106667	76.61229	39.14279	34.437941	34.4858636667	35.0159463333	43.101933	55.5154876667
PGT21_022860	0.315675666667	0.0288166666667	0.0	0.0	0.0	0.0	0.0	0.261683
PGT21_012335	0.0	0.0	0.0	0.0	0.0	0.0	0.0	0.0
PGT21_011068	0.0661216666667	0.0	0.0	0.0	0.0	0.0	0.0	0.0
PGT21_018396	0.0	0.0	0.0	0.0	0.0	0.0	0.0	0.0
PGT21_031028	0.0	0.0	0.0	0.0	0.0	0.0	0.0	0.0
PGT21_017389	0.0	0.0	0.0	0.0	0.0	0.0	0.0	0.0
PGT21_001139	0.0	0.0	0.0	0.0	0.0	0.0	0.0	0.0
PGT21_031612	6.09599266667	0.360667333333	0.0	0.0	0.0	0.0	0.891899666667	1.38573733333
PGT21_013813	0.0	0.0	0.0	0.0	0.0	0.0	0.0	0.0
PGT21_033490	0.058235	0.0	0.0	0.0	0.0	0.0	0.0	0.0
PGT21_031362	3.73049366667	3.631061	0.0	0.0	0.0	0.0	0.0	0.0
PGT21_035149	0.0	0.0	0.0	0.0	0.0	0.0	0.0	0.0
PGT21_009066	0.0	0.0	0.0	0.0	0.0	0.0	0.0	0.0
PGT21_035166	0.0	0.0	0.0	0.0	0.0	0.0	0.0	0.0
PGT21_020901	0.0	0.0	0.0	0.0	0.0	0.0	0.0	0.0
PGT21_016684	0.0	0.0	0.0	0.0	0.0	0.0	0.0	0.0
PGT21_037514	0.522656666667	1.23955333333	0.0	0.0	0.0	0.416117666667	0.0	0.0
PGT21_015442	0.0	0.0	0.0	0.0	0.0	0.0	0.0	0.0
PGT21_032783	0.0970553333333	0.0	0.0	0.0	0.0	0.0	0.0	0.0
PGT21_001243	0.0	0.0	0.0	0.0	0.0	0.0	0.0	0.0
PGT21_015592	0.0	0.0	0.0	0.0	0.0	0.0	0.0	0.0
PGT21_023449	0.0	0.0	0.0	0.0	0.0	0.0	0.0	0.0
PGT21_037600	3.11291466667	0.076895	3.607027	11.769705	5.59323133333	4.81353066667	3.42196666667	3.86147066667
PGT21_001096	0.0	0.0	0.0	0.0	0.0	0.0	0.0	0.0
PGT21_008839	0.031896	0.0	0.0	0.0	0.0	0.0	0.0	0.0
PGT21_000015	0.0	0.00459	0.0	0.0	0.0	0.0	0.0	0.0
PGT21_028577	0.043033	0.0	0.0	0.0	0.0	0.0	0.0	0.0
PGT21_018990	0.0	0.0	0.0	0.0	0.0	0.0	0.0	0.0
PGT21_020700	0.0	0.0	0.0	0.0	0.0	0.0	0.0	0.0
PGT21_019131	0.0	0.0	0.0	0.0	0.0	0.0	0.0	0.0
PGT21_021391	0.0	0.0	0.0	0.0	0.0	0.0	0.0	0.0
PGT21_023944	7.04187433333	0.0185383333333	0.0	0.0	2.22570566667	0.790080666667	0.596961333333	0.615462
PGT21_000952	0.0	0.0	0.0	0.0	0.0	0.0	0.0	0.0
PGT21_017809	0.0631833333333	0.0	0.0	0.0	0.0	0.0	0.0	0.0
PGT21_034452	0.0912303333333	0.0	0.0	0.0	0.0	0.0	0.0	0.0
PGT21_017353	0.0	0.0	0.0	0.0	0.0	0.0	0.0	0.0
PGT21_012218	0.0	0.0	0.0	0.0	0.0	0.0	0.0	0.0
PGT21_008370	0.0	0.0	0.0	0.0	0.0	0.0	0.0	0.0
PGT21_018334	0.0989373333333	0.103719333333	0.0	0.0	0.0	0.0	0.0373033333333	0.0604573333333
PGT21_009511	0.0	0.0	0.0	0.0	0.0	0.0	0.0	0.0
PGT21_008366	7.71898766667	0.278557333333	13.9675726667	0.0	0.0	0.0	1.758606	0.980290666667
PGT21_036838	0.0	0.0	0.0	0.0	0.0	0.0	0.0	0.0
PGT21_010922	15.561413	4.978012	0.0	5.901363	7.38756633333	7.41221266667	9.66457833333	4.594119
PGT21_021573	0.0	0.0	0.0	0.0	0.0	0.0	0.0	0.0
PGT21_013242	0.0	0.0	0.0	0.0	0.0	0.0	0.0	0.0
PGT21_033980	0.0	0.0	0.0	0.0	0.0	0.0	0.0	0.0
PGT21_019064	0.0	0.0	0.0	0.0	0.0	0.0	0.0	0.0
PGT21_026393	0.0376073333333	0.0	0.0	0.0	0.0	0.0	0.0	0.0372436666667
PGT21_000160	0.0	0.0	0.0	0.0	0.0	0.0	0.0	0.0
PGT21_013374	0.555568	0.002789	0.0	0.0	0.0	0.0445433333333	0.133752666667	0.0665186666667
PGT21_015495	0.0	0.0	0.0	0.0	0.0	0.0	0.0	0.0
PGT21_009200	0.0	0.0	0.0	0.0	0.0	0.0	0.0	0.0
PGT21_026793	0.0	0.0	0.0	0.0	0.0	0.0	0.0	0.0
PGT21_018927	9.364108	2.99896933333	3.34615533333	1.84821	12.2164773333	7.937726	7.71524433333	5.82571266667
PGT21_020559	2.15799066667	0.013303	0.0	0.0	0.0	0.420322	0.222797666667	0.319088
PGT21_013743	0.644510666667	0.0	0.0	0.0	0.0	0.0	0.0	0.0
PGT21_017902	0.0	0.0	0.0	0.0	0.0	0.0	0.0	1.27473066667
PGT21_000851	0.0	0.0	0.0	0.0	0.0	0.0	0.0	0.0
PGT21_020466	0.0	0.0	0.0	0.0	0.0	0.0	0.0	0.0
PGT21_009239	0.0	0.0	0.0	0.0	0.0	0.0	0.0	0.0
PGT21_017436	0.0	0.0	0.0	0.0	0.0	0.0	0.0	0.0
PGT21_008396	0.0	0.0	0.0	0.0	0.0	0.0	0.0	0.0
PGT21_005469	0.0	0.0	0.0	0.0	0.0	0.0	0.0	0.0
PGT21_024874	0.336492666667	0.0	0.0	0.0	0.0	0.0	0.0	0.0
PGT21_023867	0.139381666667	0.0292876666667	0.0	0.0	0.0	0.258682333333	0.0	0.0
PGT21_037393	0.715862333333	1.87800533333	0.0	4.99259266667	0.0	0.0	1.72821366667	2.93923
PGT21_017455	0.0	0.0	0.0	0.0	0.0	0.0	0.0	0.0348883333333
PGT21_037553	25.2600076667	0.00809666666667	0.0	0.0	1.67492933333	1.47598	2.07290333333	3.19197366667
PGT21_029879	0.0	0.0	0.0	0.0	0.0	0.0	0.0	0.0
PGT21_017582	0.0	0.0	0.0	0.0	0.0	0.0	0.0	0.0
PGT21_001070	0.0	0.0	0.0	0.0	0.0	0.0	0.0	0.0
PGT21_034745	0.0	0.0	0.0	0.0	0.0	0.0	0.0	0.0
PGT21_035334	0.0	0.0	0.0	0.0	0.0	0.0	0.0	0.0
PGT21_027419	0.0	0.0	0.0	0.0	0.0	0.0	0.0	0.0
PGT21_012225	0.0204126666667	0.0	0.0	0.0	0.0	0.134798666667	0.0	0.0
PGT21_004059	0.0	0.0	0.0	0.0	0.0	0.0	0.0	0.0
PGT21_022989	0.0	0.0	0.0	0.0	0.0	0.0	0.0	0.0
PGT21_033103	0.221815	0.0	0.0	0.0	0.0	0.0	0.191842666667	0.382615
PGT21_017791	0.0	0.0	0.0	0.0	0.0	0.0	0.0	0.0
PGT21_018514	0.0	0.0509946666667	0.0	0.0	0.0	0.0	0.0	0.0
PGT21_007848	0.0	0.0	0.0	0.0	0.0	0.0	0.0	0.0
PGT21_016029	0.0	0.0	0.0	0.0	0.0	0.0	0.0	0.0
PGT21_002150	0.812794333333	0.00473133333333	0.0	0.0	0.0	0.0	0.0	0.164525
PGT21_032697	0.0	0.0	0.0	0.0	0.0	0.0	0.0	0.0
PGT21_029174	0.025674	0.0	0.0	0.0	0.0	0.0	0.0	0.0
PGT21_002519	0.0	0.0	0.0	0.0	0.0	0.0	0.0	0.0
PGT21_002298	0.119219333333	0.0	0.0	0.0	0.0	0.0	0.0	0.0
PGT21_025715	0.0	0.0	0.0	0.0	0.0	0.0	0.0	0.0
PGT21_002273	0.0	0.0	0.0	0.0	0.0	0.0	0.0	0.0
PGT21_009317	0.0	0.0	0.0	0.0	0.0	0.0	0.0	0.0
PGT21_017200	0.0	0.0	0.0	0.0	0.0	0.0	0.0	0.0
PGT21_014970	0.0	0.0	0.0	0.0	0.0	0.0	0.0	0.0
PGT21_009069	1.046307	0.0	0.0	5.21912666667	3.37412	0.237320666667	2.01954766667	0.900877666667
PGT21_036846	0.0	0.0	0.0	0.0	0.0	0.0	0.0	0.0
PGT21_005794	0.028853	0.0	0.0	0.0	0.0	0.0	0.0	0.0
PGT21_026019	0.0	0.0	0.0	0.0	0.0	0.0	0.0	0.0
PGT21_017798	0.0	0.0	0.0	0.0	0.0	0.0	0.0	0.0
PGT21_022973	0.324688333333	0.0	0.0	0.0	0.0	0.203325	0.0	0.0
PGT21_032721	0.0	0.0	0.0	0.0	0.0	0.0	0.0	0.0
PGT21_013618	0.0	0.0	0.0	0.0	0.0	0.0	0.0	0.0
PGT21_012712	0.272489	0.031047	0.0	0.0	0.0	0.504092333333	0.135173	0.240617
PGT21_001334	0.0	0.0	0.0	0.0	0.0	0.0	0.0	0.0
PGT21_007038	0.022338	0.0	0.0	0.0	0.0	0.0	0.0	0.0
PGT21_018706	0.0	0.0	0.0	0.0	0.0	0.0	0.0	0.0
PGT21_014262	3.240053	0.336840333333	0.0	0.0	0.0	1.29794933333	2.10527366667	1.75297033333
PGT21_021410	0.0	0.0	0.0	0.0	0.0	0.0	0.0	0.0
PGT21_001411	0.0	0.0	0.0	0.0	0.0	0.0	0.0	0.0
PGT21_010237	0.0576036666667	0.0	0.0	0.0	0.0	0.0	0.0	0.043451
PGT21_018636	0.0	0.0	0.0	0.0	0.0	0.0	0.0	0.0
PGT21_013747	0.108918	0.0	0.0	0.0	0.0	0.0	0.0	0.0
PGT21_016074	0.0	0.0	0.0	0.0	0.0	0.0	0.0	0.0
PGT21_019454	0.0478873333333	0.0	0.0	0.0	0.0	0.0	0.0	0.0
PGT21_005816	0.0	0.0	0.0	0.0	0.0	0.0	0.0	0.0
PGT21_012213	0.0	0.0	0.0	0.0	0.0	0.0	0.0	0.0
PGT21_007872	0.0	0.0	0.0	0.0	0.0	0.0	0.0	0.0
PGT21_027183	0.0	0.0	0.0	0.0	0.0	0.0	0.0	0.0
PGT21_034910	0.0	0.0	0.0	0.0	0.0	0.0	0.0	0.0
PGT21_022296	0.221444666667	0.0	0.0	0.0	0.0	0.0	0.0	0.0
PGT21_021310	0.129098666667	0.0	0.0	0.0	0.0	0.0	0.0	0.0
PGT21_008640	0.0	0.0	0.0	0.0	0.0	0.0	0.0	0.0
PGT21_005103	0.0375266666667	0.0	0.0	0.0	0.0	0.0	0.0	0.0
PGT21_014123	12.093442	0.122102333333	0.0	0.0	0.0	0.0	1.752545	13.2520806667
PGT21_014533	0.0	0.0	0.0	0.0	0.0	0.0	0.0	0.0
PGT21_001459	0.0	0.067091	0.0	0.0	0.0	0.0	0.0	0.821536666667
PGT21_005844	1.07479166667	0.349172666667	0.0	0.0	0.0	0.0	0.0	0.946488333333
PGT21_000662	0.0	0.0	0.0	0.0	0.0	0.0	0.0	0.0
PGT21_006055	0.0	0.0	0.0	0.0	0.0	0.0	0.0	0.0
PGT21_019416	0.0	0.0	0.0	0.0	0.0	0.0	0.0	0.0
PGT21_035590	0.0	0.0	0.0	0.0	0.0	0.0	0.0	0.0
PGT21_017760	0.0	0.104464666667	0.0	0.0	0.0	0.0	0.0	0.0
PGT21_001005	0.0	0.0	0.0	0.0	0.0	0.0	0.0	0.0
PGT21_027686	0.181918333333	0.0	0.0	0.0	0.0	0.0	0.0	0.0
PGT21_030609	0.0	0.0	0.0	0.0	0.0	0.0	0.0	0.0
PGT21_009288	0.0	0.0	0.0	0.0	0.0	0.0	0.0	0.0
PGT21_028012	2.85913933333	2.250967	0.0	0.0	0.0	2.05679	6.02149833333	2.279156
PGT21_033220	0.0	0.0	0.0	0.0	0.0	0.0	0.0	0.0
PGT21_032713	0.0	0.0	0.0	0.0	0.0	0.0	0.0	0.0
PGT21_036532	0.0	0.0	0.0	0.0	0.0	0.0	0.0	0.0
PGT21_015952	0.0	0.0	0.0	0.0	0.0	0.0	0.0	0.0
PGT21_034792	0.474585	0.0	0.0	0.0	0.0	0.0	0.0	0.465105333333
PGT21_000314	0.0	0.0	0.0	0.0	0.0	0.0	0.0	0.0
PGT21_023847	0.562287333333	0.0	0.0	0.0	0.0	0.0	0.0	0.0
PGT21_002067	0.202003	0.0	0.0	0.0	0.0	0.0	0.0	0.0
PGT21_023134	0.029091	0.0	0.0	0.0	0.0	0.0	0.0	0.0889493333333
PGT21_032653	0.0	0.0	0.0	0.0	0.0	0.0	0.0	0.0
PGT21_007754	0.0	0.0	0.0	0.0	0.0	0.0	0.0	0.0
PGT21_012874	0.0	0.0	0.0	0.0	0.0	0.0	0.0	0.0
PGT21_034976	0.0	0.0	0.0	0.0	0.0	0.0	0.0	0.0
PGT21_019161	0.0	0.0	0.0	0.0	0.0	0.0	0.0	0.0
PGT21_002009	0.0	0.0	0.0	0.0	0.0	0.0	0.0	0.0
PGT21_007263	0.0	0.0	0.0	0.0	0.0	0.0	0.0	0.0
PGT21_010750	0.0	0.0	0.0	0.0	0.0	0.0	0.0	0.0
PGT21_034146	0.0	0.0	0.0	0.0	0.0	0.0	0.164228333333	0.0
PGT21_020117	7.53248366667	6.113153	4.59511733333	8.14548866667	5.53550966667	11.3569763333	14.6510126667	36.354587
PGT21_033436	0.0	0.0	0.0	0.0	0.0	0.0	0.0	0.0
PGT21_018067	0.0	0.0	0.0	0.0	0.0	0.0	0.0	0.0
PGT21_019372	0.0	0.0	0.0	0.0	0.0	0.0	0.0	0.0
PGT21_012262	0.0	0.0	0.0	0.0	0.0	0.0	0.0	0.0
PGT21_036909	0.0	0.0	0.0	0.0	0.0	0.0	0.0	0.0
PGT21_028563	0.0681446666667	0.0	0.0	0.0	0.0	0.0	0.0	0.0584223333333
PGT21_006420	0.0	0.0	0.0	0.0	0.0	0.0	0.0	0.0
PGT21_023618	0.0	0.0	0.0	0.0	0.0	0.0	0.0	0.0
PGT21_000753	0.012676	0.0	0.0	0.0	0.0	0.0	0.0	0.0
PGT21_017633	0.266911	0.016704	0.0	0.0	0.0	0.0	0.0	0.0
PGT21_011559	0.0	0.0	0.0	0.0	0.0	0.0	0.0	0.0
PGT21_025554	0.0	0.0	0.0	0.0	0.0	0.0	0.0	0.0
PGT21_010150	0.0	0.0	0.0	0.0	0.0	0.0	0.0	0.134979
PGT21_031538	0.0	0.0	0.0	0.0	0.0	0.0	0.0	0.0
PGT21_014601	0.0	0.0	0.0	0.0	0.0	0.0	0.0	0.128427333333
PGT21_030205	0.0	0.0	0.0	0.0	0.0	0.0	0.0	0.0
PGT21_004821	0.0500343333333	0.0	0.0	0.0	0.0	0.0	0.0	0.0
PGT21_035497	2.63826733333	0.0	0.0	0.0	0.0	0.0	0.0	0.071882
PGT21_009822	0.025536	0.0	0.0	0.0	0.0	0.0	0.0	0.0
PGT21_026522	0.0	0.0	0.0	0.0	0.0	0.0	0.206091	0.0
PGT21_037228	0.0	0.0	0.0	0.0	0.0	0.0	0.0	0.0
PGT21_020687	0.0236466666667	0.0	0.0	0.0	0.0	0.0	0.0	0.0
PGT21_026514	0.0398643333333	0.0	0.0	0.0	0.0	0.0	0.0	0.166355666667
PGT21_016025	0.0809566666667	0.0	0.0	0.0	0.0	0.0	0.0	0.0
PGT21_010641	0.150529333333	0.216513333333	0.0	0.0	0.0	0.0	1.08166566667	0.0
PGT21_036918	0.0	0.0	0.0	0.0	0.0	0.0	0.0	0.0
PGT21_011593	0.0223403333333	0.0	0.0	0.0	0.0	0.0	0.0	0.0
PGT21_028446	0.258211666667	0.240937666667	0.0	0.0	0.0	2.88860766667	1.13953333333	0.684976
PGT21_028487	0.0	0.0	0.0	0.0	0.0	0.0	0.0	0.0
PGT21_006632	0.0	0.0	0.0	0.0	0.0	0.0	0.0	0.0
PGT21_022990	0.540267333333	0.0	0.0	0.0	0.0	0.0	0.158791666667	0.0
PGT21_013360	0.0	0.0	0.0	0.0	0.0	0.0	0.0	0.0
PGT21_005645	0.170212	0.0740963333333	0.0	0.0	0.0	0.0	0.0	0.0
PGT21_031839	0.475910666667	1.087436	0.0	0.0	0.0	0.305237	0.279740666667	0.344104
PGT21_001180	0.0	0.0	0.0	0.0	0.0	0.0	0.0	0.0
PGT21_010122	0.0	0.0	0.0	0.0	0.0	0.0	0.0	0.0
PGT21_032739	0.05978	0.0	0.0	0.0	0.0	0.0	0.0	0.0
PGT21_004123	0.0	0.0	0.0	0.0	0.0	0.0	0.0	0.0
PGT21_034463	0.0	0.0	0.0	0.0	0.0	0.0	0.0	0.0
PGT21_008988	0.016447	0.008867	0.0	0.0	0.0	0.0	0.0	0.0
PGT21_019305	0.0	0.0	0.0	0.0	0.0	0.0	0.0	0.0
PGT21_009115	0.0	0.0	0.0	0.0	0.0	0.0	0.0	0.0
PGT21_006933	0.112503333333	0.0	0.0	0.0	0.0	0.0	0.0	0.0
PGT21_016195	7.210531	1.48963233333	0.0	0.0	0.0	0.0954243333333	0.0	0.511738
PGT21_011697	0.0	0.0	0.0	0.0	0.0	0.0	0.0	0.0
PGT21_023100	0.0	0.0	0.0	0.0	0.0	0.0	0.0	0.0
PGT21_019732	0.107349666667	0.0	0.0	0.0	0.0	0.0	0.0	0.0
PGT21_005407	0.0	0.0	0.0	0.0	0.0	0.0	0.0	0.0
PGT21_000865	0.0	0.0	0.0	0.0	0.0	0.0	0.0	0.0
PGT21_026274	0.0328736666667	0.0	0.0	0.0	0.0	0.0	0.0	0.0
PGT21_014745	0.0848863333333	0.0	0.0	0.0	0.0	0.0	0.096492	0.0
PGT21_022275	0.0	0.0	0.0	0.0	0.0	0.0	0.0	0.0
PGT21_031145	0.0	0.0	0.0	0.0	0.0	0.0	0.0	0.0
PGT21_011551	765.428272667	15.6355073333	65.907523	52.555252	91.8190333333	89.3178276667	77.2538673333	70.7872553333
PGT21_001194	0.0	0.0	0.0	0.0	0.0	0.0526586666667	0.0	0.0
PGT21_021267	2.032033	1.31665233333	0.0	0.0	1.69805866667	1.91463266667	0.382797	0.0
PGT21_002875	0.0125003333333	0.0	0.0	0.0	0.0	0.0	0.0	0.0
PGT21_005107	0.0	0.022857	0.0	0.0	0.0	0.0	0.138827666667	0.0
PGT21_030721	0.028779	0.0	0.0	0.0	0.0	0.0	0.0	0.036979
PGT21_032708	0.906338333333	0.0	0.0	0.0	0.0	0.311784333333	0.506772	0.263906666667
PGT21_003860	0.076128	0.0	0.0	0.0	0.0	0.0	0.0991626666667	0.0
PGT21_010010	0.0	0.0	0.0	0.0	0.0	0.0	0.0	0.0
PGT21_014898	0.0	0.0	0.0	0.0	0.0	0.0	0.0	0.0
PGT21_009089	0.148689	0.0535896666667	0.0	0.0	0.0	0.0	0.0	0.495949666667
PGT21_004649	0.0	0.0	0.0	0.0	0.0	0.0	0.0	0.0
PGT21_012783	0.0	0.0	0.0	0.0	0.0	0.0	0.0	0.0
PGT21_025036	0.029905	0.0	0.0	0.0	0.0	0.0	0.0	0.0
PGT21_033590	0.0	0.0	0.0	0.0	0.0	0.0	0.0	0.0
PGT21_015939	2.659077	0.2771	0.0	0.0	0.0	0.13555	0.0	0.0
PGT21_001696	0.0	0.0	0.0	0.0	0.0	0.0	0.0	0.0
PGT21_036722	0.464437666667	1.07213433333	0.0	0.0	0.0	0.0	0.0	0.0
PGT21_013440	0.0	0.0	0.0	0.0	0.0	0.0	0.0	0.0
PGT21_012350	0.0	0.0	0.0	0.0	0.0	0.0	0.0	0.0
PGT21_005849	0.0	0.0	0.0	0.0	0.0	0.0	0.0	0.0
PGT21_002161	0.0	0.0	0.0	0.0	0.0	0.0	0.0	0.0
PGT21_019049	0.0	0.0	0.0	0.0	0.0	0.0	0.0	0.0
PGT21_014137	0.623520333333	0.0	0.0	0.0	0.0	0.0	0.0	0.0
PGT21_026317	0.0	0.0	0.0	0.0	0.0	0.0	0.0	0.0
PGT21_016421	1.50506333333	0.109339333333	0.0	0.0	0.0	0.0	0.0	0.799211333333
PGT21_031489	0.0	0.0	0.0	0.0	0.0	0.0	0.0	0.0
PGT21_035677	35.762588	0.04712	6.43537233333	0.0	1.20488166667	3.22346033333	1.804159	7.74331233333
PGT21_016609	1.07788066667	0.106016	0.0	0.0	0.0	0.0	0.858921666667	1.100581
PGT21_011085	0.0	0.0	0.0	0.0	0.0	0.0	0.0	0.0
PGT21_018907	0.0	0.0	0.0	0.0	0.0	0.0	0.0	0.0
PGT21_017808	0.0	0.0	0.0	0.0	0.0	0.0	0.0	0.0
PGT21_018082	0.0	0.0	0.0	0.0	0.0	0.0	0.0	0.0
PGT21_003181	0.0	0.0	0.0	0.0	0.0	0.0	0.0	0.0
PGT21_022365	0.0	0.0	0.0	0.0	0.0	0.0	0.0	0.0
PGT21_016402	0.0	0.0	0.0	0.0	0.0	0.0	0.0	0.0
PGT21_026902	0.0	0.0	0.0	0.0	0.0	0.0	0.0	0.0
PGT21_005296	0.0	0.0	0.0	0.0	0.0	0.0	0.0	0.0
PGT21_015990	0.0	0.0	0.0	0.0	0.0	0.0	0.0	0.0
PGT21_020327	0.0	0.0	0.0	0.0	0.0	0.0	0.0	0.0
PGT21_036962	0.0354506666667	0.0	0.0	0.0	0.0	0.094053	0.0	0.0
PGT21_034190	0.240104666667	0.0	0.0	0.0	0.0	0.0	0.0	0.0
PGT21_034304	0.0	0.0	0.0	0.0	0.0	0.0	0.0	0.0
PGT21_005691	0.0	0.0	0.0	0.0	0.0	0.0	0.0	0.0
PGT21_011934	0.0349093333333	0.0173316666667	0.0	0.0	0.0	0.0	0.0	0.0
PGT21_025452	121.956777333	34.125344	19.0200376667	47.3479626667	40.2054713333	48.009026	56.826022	77.8965073333
PGT21_009628	0.0	0.0	0.0	0.0	0.0	0.0	0.0	0.0
PGT21_037066	0.0	0.0	0.0	0.0	0.0	0.0	0.0	0.0
PGT21_035611	0.0150753333333	0.00812866666667	0.0	0.0	0.0	0.0	0.0	0.0
PGT21_018163	0.0	0.0	0.0	0.0	0.0	0.0	0.0	0.0
PGT21_027386	75.1356073333	134.866785	53.2212686667	56.3879856667	67.2019673333	43.4971846667	69.7590896667	99.6111146667
PGT21_001412	0.0	0.0	0.0	0.0	0.0	0.0	0.0	0.0
PGT21_036144	0.742376666667	0.760472333333	0.0	0.0	0.471208	0.170016333333	0.0711226666667	0.218253
PGT21_027371	0.0	0.00527933333333	0.0	0.0	0.0	0.0	0.0	0.0
PGT21_027726	0.0	0.0	0.0	0.0	0.0	0.0	0.0	0.0
PGT21_024346	0.219999333333	0.0	0.0	0.0	0.0	0.0	0.0	0.0
PGT21_011618	0.47288	0.0	0.0	0.0	0.0	0.0	0.0	0.0
PGT21_034269	0.0	0.0	0.0	0.0	0.0	0.0	0.0	0.0
PGT21_017084	0.0	0.0	0.0	0.0	0.0	0.0	0.0	0.0
PGT21_034521	0.0	0.0145833333333	0.0	0.0	0.0	0.0	0.0	0.0
PGT21_017440	0.0	0.0	0.0	0.0	0.0	0.0	0.0	0.0
PGT21_013897	0.0610546666667	0.0	0.0	0.0	0.0	0.0	0.0	0.0
PGT21_007696	0.0	0.0	0.0	0.0	0.0	0.0	0.0	0.0
PGT21_011033	0.0	0.0	0.0	0.0	0.0	0.0	0.0	0.0
PGT21_018312	0.0	0.0	0.0	0.0	0.0	0.0	0.0	0.0
PGT21_019133	0.0	0.0	0.0	0.0	0.0	0.0	0.0	0.0
PGT21_014112	0.218821333333	0.0	0.0	0.0	0.0	0.0	0.323810666667	0.0
PGT21_013526	0.0	0.0	0.0	0.0	0.0	0.0	0.0	0.0
PGT21_027793	0.0	0.0	0.0	0.0	0.0	0.0	0.0	0.191716
PGT21_005242	0.099941	0.016089	0.0	0.0	0.0	0.0	0.0	0.0
PGT21_033211	0.0	0.0	0.0	0.0	0.0	0.0	0.0	0.0
PGT21_017328	0.0	0.0	0.0	0.0	0.0	0.0	0.0	0.0
PGT21_000150	0.0	0.0	0.0	0.0	0.0	0.0	0.0	0.0
PGT21_004495	8.75010333333	0.0425046666667	0.0	0.0	0.0	0.0	0.0	0.0255786666667
PGT21_021398	0.0882116666667	0.0	0.0	0.0	0.0	0.0	0.0	0.0
PGT21_037595	0.0	0.0295393333333	0.0	0.0	0.0	0.590215	0.0	0.837323
PGT21_003944	0.0	0.0	0.0	0.0	0.0	0.0	0.0	0.0
PGT21_011358	0.010811	0.0	0.0	0.0	0.0	0.0	0.0	0.0
PGT21_001663	6.67281166667	1.69563266667	0.0	8.722547	4.42100333333	5.667808	4.19292433333	4.55697833333
PGT21_029169	0.0	0.0	0.0	0.0	0.0	0.0	0.0	0.0
PGT21_010070	0.0	0.0	0.0	0.0	0.0	0.0	0.0	0.0
PGT21_037183	0.0	0.0	0.0	0.0	0.0	0.0	0.0	0.135533
PGT21_033497	0.0	0.0	0.0	0.0	0.0	0.0	0.0	0.0
PGT21_017784	0.0	0.0	0.0	0.0	0.0	0.0	0.0	0.0
PGT21_029105	0.0	0.0	0.0	0.0	0.0	0.0	0.0	0.0
PGT21_025392	0.489531666667	0.0	0.0	0.0	0.411351333333	0.0	0.0930536666667	0.0426293333333
PGT21_022030	0.0	0.0	0.0	0.0	0.0	0.0	0.0	0.0
PGT21_003451	0.296952333333	0.0	0.0	0.0	0.0	0.0	0.968627333333	0.0
PGT21_013362	0.0	0.0	0.0	0.0	0.0	0.0	0.0	0.0
PGT21_015976	0.0	0.0	0.0	0.0	0.0	0.0	0.0	0.0
PGT21_009042	0.0	0.0	0.0	0.0	0.0	0.0	0.0	0.0
PGT21_030507	0.0	0.0	0.0	0.0	0.0	0.0	0.0	0.0
PGT21_018718	0.0	0.0	0.0	0.0	0.0	0.0	0.0	0.0
PGT21_015933	0.078624	0.0224266666667	0.0	0.0	0.0	0.0	0.0	0.0
PGT21_015095	0.0	0.0	0.0	0.0	0.0	0.0	0.0	0.0
PGT21_005298	0.0	0.0	0.0	0.0	0.0	0.0	0.0	0.0
PGT21_022288	0.338934666667	0.0	0.0	0.0	0.0	0.0	0.0	0.0377566666667
PGT21_000597	0.0	0.0	0.0	0.0	0.0	0.0	0.0	0.0
PGT21_024768	0.20167	0.0	0.0	0.0	0.0	0.0	0.0	0.0
PGT21_016861	0.0295673333333	0.0	0.0	0.0	0.0	0.0	0.0	0.0
PGT21_009554	0.124507333333	0.0	0.0	0.0	0.0	0.0	0.0	0.0
PGT21_021597	0.0	0.0	0.0	0.0	0.0	0.0	0.0	0.0
PGT21_019479	0.0	0.0	0.0	0.0	0.0	0.0	0.0	0.0
PGT21_018703	0.0	0.0	0.0	0.0	0.0	0.0	0.0	0.0
PGT21_019441	0.056041	0.0	0.0	0.0	0.0	0.0	0.0	0.0
PGT21_006071	4.86905833333	0.014234	0.0	0.0	0.0	0.369658333333	0.193642666667	0.562095
PGT21_000957	0.0	0.0	0.0	0.0	0.0	0.0	0.0	0.0
PGT21_005959	0.0869656666667	0.0	0.0	0.0	0.0	0.0	0.0	0.17475
PGT21_021309	0.189878666667	0.0	0.0	0.0	0.0	0.0	0.0	0.0
PGT21_031890	0.0	0.0	0.0	0.0	0.0	0.0	0.0	0.0
PGT21_027182	0.0	0.0	0.0	0.0	0.0	0.0	0.0	0.0
PGT21_035623	1.798644	0.0	0.0	0.0	0.0	0.218836666667	0.241517333333	0.152681
PGT21_018769	0.739231333333	1.52989733333	0.0	0.0	4.36710366667	1.03496633333	1.03711466667	0.581139
PGT21_027640	0.915295	0.0	0.0	0.0	0.0	0.0	0.0	0.0
PGT21_029691	0.0	0.0	0.0	0.0	0.0	0.0	0.0	0.0
PGT21_030388	0.0	0.0	0.0	0.0	0.0	0.0	0.0	0.0
PGT21_032727	0.0	0.0	0.0	0.0	0.0	0.0	0.0	0.0
PGT21_000365	0.0	0.0	0.0	0.0	0.0	0.0	0.0	0.0
PGT21_032573	0.0	0.0	0.0	0.0	0.0	0.0	0.0	0.0
PGT21_031360	12.2409223333	6.153845	0.0	0.0	0.0	1.33872233333	1.250065	1.295231
PGT21_035110	0.0	0.0	0.0	0.0	0.0	0.0	0.0	0.0
PGT21_026904	1.45171433333	0.00454333333333	0.0	0.0	0.0	0.0	0.0	0.0
PGT21_022747	0.0	0.0	0.0	0.0	0.0	0.0	0.0	0.0
PGT21_021887	0.160447666667	0.0	0.0	0.0	0.0	0.0	0.0	0.0
PGT21_025983	0.0	0.0	0.0	0.0	0.0	0.0	0.0	0.0
PGT21_025887	0.0	0.0	0.0	4.474321	0.0	0.0	0.0	0.0
PGT21_022048	0.0	0.0	0.0	0.0	0.0	0.0	0.0	0.0
PGT21_021514	0.0217413333333	0.0	0.0	0.0	0.0	0.0	0.0	0.0
PGT21_019145	0.0	0.0	0.0	0.0	0.0	0.0	0.0	0.0
PGT21_026248	0.0	0.0	0.0	0.0	0.0	0.0	0.0	0.0
PGT21_005109	0.0	0.0	0.0	0.0	0.0	0.0	0.0	0.0
PGT21_006787	0.0	0.0	0.0	0.0	0.0	0.0	0.0	0.0
PGT21_026767	0.0	0.0	0.0	0.0	0.0	0.0	0.0	0.0
PGT21_025244	0.0	0.00396066666667	0.0	0.0	0.0	0.0	0.0	0.0
PGT21_031131	0.025203	0.0	0.0	0.0	0.0	0.0	0.0	0.0
PGT21_026337	0.0	0.0	0.0	0.0	0.0	0.0	0.0	0.0
PGT21_033329	0.0	0.0	0.0	0.0	0.0	0.0	0.0	0.0
PGT21_035469	0.0547376666667	0.0	0.0	0.0	0.0	0.0	0.0	0.0
PGT21_012791	6.041599	1.58912966667	0.0	10.4903883333	4.12385633333	3.23640666667	7.958315	8.130327
PGT21_007104	0.0	0.0	0.0	0.0	0.0	0.0	0.0	0.0
PGT21_033227	0.0778076666667	0.0	0.0	0.0	0.0	0.262063666667	0.0	0.0
PGT21_004211	0.895202333333	0.0	0.0	0.0	0.0	0.585508	0.129075333333	0.173229666667
PGT21_005249	0.0	0.0	0.0	0.0	0.0	0.0	0.0	0.110378
PGT21_018331	0.312873333333	0.308727333333	0.0	0.0	0.0	0.0480046666667	0.108754	0.181994666667
PGT21_035678	0.163619333333	0.0	0.0	0.0	0.0	0.0	0.0	0.0
PGT21_014410	0.0	0.0	0.0	0.0	0.0	0.0	0.0	0.0
PGT21_035830	0.0	0.0	0.0	0.0	0.0	0.0	0.0	0.0
PGT21_036937	41.055624	7.865325	8.04341466667	6.689523	8.00568666667	9.99881233333	11.460649	17.47026
PGT21_010242	0.226275666667	0.0	0.0	0.0	0.0	0.0231233333333	0.0255196666667	0.0
PGT21_017048	0.0	0.0135886666667	0.0	0.0	0.0	0.0	0.0	0.0
PGT21_027479	0.0	0.0	0.0	0.0	0.0	0.0	0.206091	0.0
PGT21_022235	0.0	0.0	0.0	0.0	0.0	0.0	0.0	0.0
PGT21_034169	2.43498333333	0.022298	0.0	0.0	0.0	0.148840333333	0.0	0.0
PGT21_027490	0.0	0.0	0.0	0.0	0.0	0.0	0.0	0.0
PGT21_016714	0.0	0.0	0.0	0.0	0.0	0.0	0.0	0.0
PGT21_010730	0.0806876666667	0.653460666667	0.0	0.0	0.0	0.0	0.0	0.0
PGT21_021393	0.0481673333333	0.0136536666667	0.0	0.0	0.0	0.0	0.223957333333	0.120734333333
PGT21_008564	0.268232333333	0.0	0.0	0.0	0.0	0.0	0.0	0.0
PGT21_012372	0.0	0.0	0.0	0.0	0.0	0.0	0.0	0.0
PGT21_020501	0.0	0.0	0.0	0.0	0.0	0.0	0.0	0.0
PGT21_016658	0.0	0.0	0.0	0.0	0.0	0.0	0.0	0.0
PGT21_034265	0.0927723333333	0.0	0.0	0.0	0.0	0.0	0.0	0.334690666667
PGT21_032924	0.022338	0.0	0.0	0.0	0.0	0.0	0.0	0.0
PGT21_030404	0.0	0.021052	0.0	0.0	0.0	0.0	0.0	0.0
PGT21_036229	0.0	0.0	0.0	0.0	0.0	0.0	0.0	0.0
PGT21_012008	0.046097	0.015117	0.0	0.0	0.0	0.0	0.0	0.0
PGT21_000373	0.0	0.0	0.0	0.0	0.0	0.0	0.0	0.0
PGT21_024312	0.0	0.0	0.0	0.0	0.0	0.0	0.0	0.0
PGT21_025482	0.127701666667	0.0	0.0	0.0	0.0	0.0	0.0	0.0
PGT21_018079	0.171726666667	0.0	0.0	0.0	0.0	0.0	0.0	0.0
PGT21_032236	0.0	0.0	0.0	0.0	0.0	0.0	0.0	0.0
PGT21_016981	0.0	0.0	0.0	0.0	0.0	0.0	0.0	0.0
PGT21_030952	0.0	0.0	0.0	0.0	0.0	0.0	0.0	0.0
PGT21_008628	0.0	0.0	0.0	0.0	0.0	0.0	0.0	0.0
PGT21_017975	0.0	0.0	0.0	0.0	0.0	0.0	0.0	0.0
PGT21_017093	0.0	0.0	0.0	0.0	0.0	0.0	0.0	0.0
PGT21_018519	0.0	0.0	0.0	0.0	0.0	0.0	0.0	0.0
PGT21_014871	0.0	0.0	0.0	0.0	0.0	0.0	0.0	0.0
PGT21_012137	0.0	0.0	0.0	0.0	0.0	0.0	0.0	0.0
PGT21_016026	0.0	0.0	0.0	0.0	0.0	0.0	0.0	0.0
PGT21_028297	0.0	0.0	0.0	0.0	0.0	0.0	0.0	0.0
PGT21_031323	0.0	0.0	0.0	0.0	0.0	0.0	0.0	0.0
PGT21_000838	0.0	0.0	0.0	0.0	0.0	0.0	0.0	0.0
PGT21_001364	0.0	0.0	0.0	0.0	0.0	0.0	0.0	0.0
PGT21_022166	0.0	0.0	0.0	0.0	0.0	0.0	0.0	0.0
PGT21_035794	0.0197186666667	0.0	0.0	0.0	0.0	0.0	0.0	0.0
PGT21_018418	0.0	0.0	0.0	0.0	0.0	0.0	0.0	0.0
PGT21_010851	0.192352333333	0.087346	0.0	0.0	0.0	0.0	0.0	0.0
PGT21_015372	0.413545	0.0	0.0	0.0	0.0	0.0	0.0	0.0
PGT21_036123	0.101286666667	0.0	0.0	0.0	0.0	0.0	0.0	0.0
PGT21_010135	0.143669	0.0	0.0	0.0	0.0	0.0	0.0	0.0
PGT21_016567	0.067803	0.119237666667	0.0	0.0	0.0	0.0	0.0	0.0620206666667
PGT21_009236	0.047633	0.0	0.0	0.0	0.0	0.0	0.0	0.028668
PGT21_014206	0.169629333333	0.0	0.0	0.0	0.0	0.0	0.0	0.401482666667
PGT21_012793	0.277295333333	0.0	0.0	0.0	0.0	0.347236333333	0.0	0.0
PGT21_021524	0.0	0.0	0.0	0.0	0.0	0.0	0.0	0.0
PGT21_011748	0.0	0.066613	0.0	0.0	0.612356666667	0.511520333333	0.271843666667	0.224877666667
PGT21_022091	0.0	0.00809066666667	0.0	0.0	0.0	0.0	0.0	0.0
PGT21_029269	0.0	0.0	0.0	0.0	0.0	0.0	0.0	0.0
PGT21_005174	0.0	0.0	0.0	0.0	0.0	0.0	0.0	0.0
PGT21_002271	0.0	0.0	0.0	0.0	0.0	0.0	0.0	0.0
PGT21_014064	0.0	0.0	0.0	0.0	0.0	0.0	0.0	0.0
PGT21_015979	0.0	0.0	0.0	0.0	0.0	0.0	0.0	0.0
PGT21_035368	0.0	0.0	0.0	0.0	0.0	0.0	0.0	0.0
PGT21_014759	0.0	0.0	0.0	0.0	0.0	0.0	0.0	0.0
PGT21_028358	39.6202853333	33.341979	3.143415	18.2754633333	17.840396	18.8781396667	18.765995	16.731053
PGT21_023396	0.0	0.0	0.0	0.0	0.0	0.0	0.0	0.0
PGT21_016120	0.0	0.0	0.0	0.0	0.0	0.0	0.0	0.0
PGT21_006202	0.0	0.0	0.0	0.0	0.0	0.0	0.0	0.0
PGT21_021199	0.0893176666667	0.048729	0.0	0.0	0.0	0.115954666667	0.108226666667	0.0
PGT21_022096	0.0661156666667	0.0	0.0	0.0	0.0	0.0	0.0	0.0
PGT21_026010	0.557463333333	0.201092	0.0	0.0	0.0	0.0931453333333	0.0869373333333	0.0
PGT21_035097	0.203224666667	0.0	0.0	0.0	0.0	0.0	0.0	0.0
PGT21_032985	0.0	0.0	0.0	0.0	0.0	0.0	0.0	0.0
PGT21_036253	0.0	0.0	0.0	0.0	0.0	0.0	0.0	0.0
PGT21_011905	0.0	0.0	0.0	0.0	0.0	0.0	0.0	0.0
PGT21_023321	0.0573573333333	0.021742	0.0	0.0	0.0	0.0	0.0	0.17475
PGT21_012108	0.0	0.0	0.0	0.0	0.0	0.0	0.0	0.0
PGT21_032100	0.0	0.0446556666667	0.0	0.0	0.0	0.0	0.0	2.673824
PGT21_019918	0.0	0.0	0.0	0.0	0.0	0.0	0.0	0.0
PGT21_030557	0.0	0.0	0.0	0.0	0.0	0.0	0.0	0.0
PGT21_023933	0.0	0.0	0.0	0.0	0.0	0.0	0.0	0.0
PGT21_015346	0.0	0.0	0.0	0.0	0.0	0.0	0.0	0.0
PGT21_007082	0.0652036666667	0.0	0.0	0.0	0.0	0.0	0.0	0.0
PGT21_019308	0.0	0.0	0.0	0.0	0.0	0.0	0.0	0.0
PGT21_000333	0.0	0.0	0.0	0.0	0.0	0.0	0.0	0.0
PGT21_007348	0.070215	0.142527666667	0.0	0.0	0.0	0.056905	0.101139666667	0.025972
PGT21_009573	0.0459063333333	0.0	0.0	0.0	0.0	0.0	0.0	0.0
PGT21_017367	0.0	0.0	0.0	0.0	0.0	0.0	0.0	0.0
PGT21_006369	0.0	0.0	0.0	0.0	0.0	0.0	0.0	0.0
PGT21_004879	0.302357666667	0.959799666667	0.0	0.0	0.0	0.218712	0.277999	0.255129
PGT21_022529	0.0	0.0	0.0	0.0	0.0	0.0	0.0	0.0
PGT21_012192	0.0	0.0	0.0	0.0	0.0	0.0	0.0	0.0
PGT21_025929	0.113412333333	0.0	0.0	0.0	0.0	0.0	0.0	0.493669
PGT21_008874	0.676796666667	0.00532866666667	0.0	0.0	0.0	0.0	0.0	0.0
PGT21_001655	73.5862883333	6.68226166667	0.0	3.93893833333	5.90636166667	20.0788346667	28.018439	46.0837406667
PGT21_033758	0.0	0.0	0.0	0.0	0.0	0.0	0.0	0.0
PGT21_005028	0.121730666667	0.0	0.0	0.0	0.0	0.0	0.0	0.0
PGT21_008912	1.11282133333	0.953012333333	0.0	0.0	0.0	0.0	1.28727366667	3.42648233333
PGT21_017832	0.0	0.0	0.0	0.0	0.0	0.0	0.0	0.0
PGT21_011056	0.0	0.0	0.0	0.0	0.0	0.0	0.0	0.0
PGT21_012420	0.0	0.0	0.0	0.0	0.0	0.0	0.0	0.278123333333
PGT21_036600	0.0	0.0	0.0	0.0	0.0	0.0	0.0	0.0
PGT21_027684	18.5667693333	0.056677	1.87935066667	0.651273	0.627038333333	1.06537366667	0.765086333333	3.05585
PGT21_010983	0.0	0.0	0.0	0.0	0.0	0.0	0.0	0.0
PGT21_000699	0.0	0.0	0.0	0.0	0.0	0.0	0.0	0.0
PGT21_018773	0.124310333333	0.0392746666667	0.0	0.0	0.0	0.0	0.0	0.143094
PGT21_031565	0.0	0.0	0.0	0.0	0.0	0.0	0.0	0.0
PGT21_027281	0.0384183333333	0.0	0.0	0.0	0.0	0.0	0.0	0.0
PGT21_037423	39.891051	1.528941	16.7893776667	11.769212	20.0290326667	19.926191	24.796467	19.2600606667
PGT21_014100	0.226275666667	0.0	0.0	0.0	0.0	0.0231233333333	0.0255196666667	0.0
PGT21_001100	0.0	0.0	0.0	0.0	0.0	0.0	0.0	0.0
PGT21_003847	0.0	0.0	0.0	0.0	0.0	0.0	0.0	0.0
PGT21_033234	0.0	0.0	0.0	0.0	0.0	0.0	0.0	0.0
PGT21_015716	0.0	0.0	0.0	0.0	2.380783	0.0	0.0	0.0
PGT21_013417	0.0	0.0	0.0	0.0	0.0	0.0	0.0	0.0
PGT21_017843	0.0	0.0	0.0	0.0	0.0	0.0	0.0	0.0
PGT21_033133	0.0	0.0	0.0	0.0	0.0	0.0	0.0	0.0
PGT21_010936	0.0	0.0	0.0	0.0	0.0	0.0	0.0	0.0
PGT21_009341	0.0	0.0	0.0	0.0	0.0	0.0	0.0	0.0
PGT21_005856	0.191704333333	0.0	0.0	0.0	0.0	0.0	0.0	0.0
PGT21_027051	0.0	0.0	0.0	0.0	0.0	0.0	0.0	0.0
PGT21_012146	0.0995516666667	0.0	0.0	0.0	0.0	0.0	0.0	0.0
PGT21_023915	0.0	0.0	0.0	0.0	0.0	0.341661	0.0	0.675743666667
PGT21_006353	0.0	0.0	0.0	0.0	0.0	0.0	0.0	0.0
PGT21_007896	0.078624	0.0	0.0	0.0	0.0	0.0	0.0	0.0
PGT21_019370	0.504340333333	0.907163333333	0.0	0.0	45.7018806667	0.0	11.1052766667	0.0
PGT21_023831	0.0	0.0	0.0	0.0	0.0	0.0	0.0	0.0
PGT21_018509	0.093972	0.0	0.0	0.0	0.0	0.0941546666667	0.0	0.109408
PGT21_034156	0.0	0.0	0.0	0.0	0.0	0.0	0.0	0.0
PGT21_021587	0.0	0.0	0.0	0.0	0.0	0.0	0.0	0.0
PGT21_027308	0.0	0.0	0.0	0.0	0.0	0.0	0.0	0.0
PGT21_003614	0.0	0.0	0.0	0.0	0.0	0.0	0.0	0.0
PGT21_015817	0.0330176666667	0.0	0.0	0.0	0.0	0.0658846666667	0.0	0.030451
PGT21_005413	0.0	0.0	0.0	0.0	0.0	0.0	0.0	0.0
PGT21_027144	0.0	0.0	0.0	0.0	0.0	0.0	0.0	0.0
PGT21_014781	0.0	0.0	0.0	0.0	0.0	0.0	0.0	0.0
PGT21_029394	0.0	0.0363566666667	0.0	0.0	0.0	0.0	0.0	0.0
PGT21_017474	0.025408	0.0	0.0	2.49881833333	0.0	0.0	0.0	0.0
PGT21_013227	0.0	0.0	0.0	0.0	0.0	0.0	0.0	0.0
PGT21_023271	0.0	0.0	0.0	0.0	0.0	0.0	0.0	0.0
PGT21_025311	0.0	0.0	0.0	0.0	0.0	0.0	0.0	0.0
PGT21_016211	0.0	0.0	0.0	0.0	0.0	0.0	0.687004	0.0
PGT21_029241	0.0	0.0	0.0	0.0	0.0	0.0	0.0	0.0
PGT21_031658	0.0	0.0	0.0	0.0	0.0	0.0	0.0	0.0
PGT21_033785	0.0	0.00814766666667	0.0	0.0	0.0	0.0	0.0	0.0
PGT21_026036	0.0	0.0	0.0	0.0	0.0	0.0	0.0	0.0
PGT21_004777	0.0	0.0	0.0	0.0	0.0	0.0	0.0	0.0
PGT21_015504	0.0	0.0	0.0	0.0	0.0	0.0	0.0	0.0
PGT21_033146	0.016518	0.0	0.0	0.0	0.0	0.0	0.0	0.0
PGT21_036709	0.0	0.0	0.0	0.0	0.0	0.0	0.0	0.0
PGT21_015156	0.0	0.0	0.0	0.0	0.0	0.0	0.0	0.0
PGT21_014399	0.0	0.0	0.0	0.0	0.0	0.0	0.0	0.0
PGT21_023742	0.239768666667	0.0683206666667	0.0	0.0	0.0	0.0	0.0	0.0
PGT21_014739	0.0	0.0	0.0	0.0	0.0	0.0	0.0	0.0
PGT21_016276	0.0	0.0	0.0	0.0	0.0	0.0	0.0	0.0
PGT21_030051	0.0	0.0	0.0	0.0	0.0	0.0	0.0	0.0
PGT21_006472	0.0	0.0	0.0	0.0	0.0	0.0	0.0	0.0
PGT21_036840	0.0	0.0	0.0	0.0	0.0	0.0	0.0	0.0
PGT21_028613	0.0	0.0	0.0	0.0	0.0	0.0	0.0	0.0
PGT21_023223	0.0	0.0	0.0	0.0	0.0	0.0	0.0	0.0
PGT21_002611	0.713463333333	0.0	0.0	0.0	0.0	0.24052	0.0	0.0430473333333
PGT21_033225	0.114401666667	0.0	0.0	0.0	0.0	0.0	0.0	0.0
PGT21_018473	0.032625	0.0	0.0	0.0	0.360512666667	0.0	0.0	0.036697
PGT21_032705	0.0	0.0	0.0	0.0	0.0	0.0	0.0	0.0122956666667
