PGT21_026764	0.0	0.0	0.0	0.0	0.0	0.0	0.0	0.0
PGT21_000108	0.0	0.0	0.0	0.0	0.0	0.0	0.0	0.0
PGT21_036561	0.0	0.0	0.0	0.0	0.0	0.0	0.0	0.0
PGT21_022148	1.237509	5.95425	0.0	4.46379833333	0.0	0.231717333333	0.343264666667	0.528071666667
PGT21_021180	0.0	0.0	0.0	0.0	0.0	0.0	0.0	0.0
PGT21_026905	0.0	0.0	0.0	0.0	0.0	0.0	0.0	0.0
PGT21_008884	0.285707666667	4.223418	0.0	0.0	0.0	0.0770776666667	0.146378	0.064532
PGT21_026130	14.269072	0.0	0.0	0.0	0.0	1.73219766667	0.460294666667	1.280237
PGT21_021438	0.0	0.0	0.0	0.0	0.0	0.0	0.0	0.0
PGT21_015590	0.896012666667	0.255222	0.0	0.0	0.0	1.22141733333	0.450739666667	0.357286
PGT21_027680	12.8317413333	16.5424933333	0.0	6.16141566667	7.39267233333	11.3881423333	11.4108806667	13.454025
PGT21_037132	1.73594433333	0.902339	0.0	0.952640666667	4.36311233333	1.83700033333	1.67665833333	1.18009
PGT21_031232	0.0	0.0	0.0	0.0	0.0	0.0	0.0	0.0
PGT21_004860	0.0	0.0	0.0	0.0	0.0	0.0	0.0	0.0
PGT21_006333	0.0	0.0	0.0	0.0	0.0	0.0	0.0	0.0
PGT21_018377	0.0	0.0	0.0	0.0	0.0	0.0	0.0	0.0
PGT21_006453	0.0	0.0	0.0	0.0	0.0	0.0	0.0	0.0
PGT21_022085	0.519107	0.0	0.0	0.0	0.0	0.0	0.0	0.188663333333
PGT21_024548	9.40162366667	11.9899896667	0.0	0.0	0.0	13.3540663333	17.937133	10.0178153333
PGT21_003330	14.0590933333	6.08445	9.46249166667	16.5624363333	17.239848	18.78439	17.7864223333	13.850062
PGT21_033697	0.0	0.0	0.0	0.0	0.0	0.0	0.0	0.0
PGT21_030148	0.0	0.0	0.0	0.0	0.0	0.0	0.0	0.0
PGT21_027213	0.0	0.0	0.0	0.0	0.0	0.0	0.0	0.0
PGT21_010102	0.0	0.0	0.0	0.0	0.0	0.0	0.0	0.0
PGT21_014883	4.671014	2.72672666667	18.2114076667	0.0	4.03248566667	1.51952933333	1.83203	5.44734066667
PGT21_024052	0.152715	0.582804	0.0	0.0	0.0	0.0	0.0	2.46262033333
PGT21_024668	0.0	0.0	0.0	0.0	0.0	0.0	0.0	0.0
PGT21_007654	0.0	0.0	0.0	0.0	0.0	0.0	0.0	0.0
PGT21_022142	1.102709	0.0	0.0	0.0	0.0	0.0	0.0	0.0
PGT21_034086	3.38082466667	2.09837433333	7.71694666667	2.02550733333	1.37444133333	3.24557766667	3.5289	4.209374
PGT21_007266	0.0	0.0	0.0	0.0	0.0	0.0	0.0	0.0
PGT21_005720	1.409079	4.099347	0.0	0.0	0.0	0.0	0.0	0.282095
PGT21_012849	0.0	0.0	0.0	0.0	0.0	0.0	0.0	0.0
PGT21_001736	0.0	0.0	0.0	0.0	0.0	0.0	0.0	0.0
PGT21_019377	0.852471333333	0.0	0.0	0.0	0.0	0.0	0.110845333333	0.049588
PGT21_017648	0.0	0.0	0.0	0.0	0.0	0.0	0.0	0.0
PGT21_009155	0.0	0.0	0.0	0.0	0.0	0.0	0.0	0.0
PGT21_000626	0.0	0.0	0.0	0.0	0.0	0.0	0.0	0.0
PGT21_011804	0.0	0.0	0.0	0.0	0.0	0.0	0.0	0.0
PGT21_027248	30.0156276667	8.818582	0.0	5.606293	12.4125306667	12.7620866667	13.8791813333	13.2713916667
PGT21_003986	0.0	0.0	0.0	0.0	0.0	0.0	0.0	0.0
PGT21_014395	18.1003516667	2.65396033333	0.0	0.0	2.19939	2.607565	3.078617	7.24228233333
PGT21_011005	0.091565	0.058554	0.0	0.0	0.0	0.0	0.0	0.0
PGT21_033542	0.163065	0.0857863333333	0.0	0.0	0.0	0.0	0.0	0.0
PGT21_012814	11.7563276667	1.54391033333	3.69148766667	3.13310566667	4.92802233333	4.823813	6.13535266667	5.67439966667
PGT21_009148	0.0	0.0	0.0	0.0	0.0	0.0	0.0	0.0
PGT21_035188	0.0	0.0	0.0	0.0	0.0	0.0	0.0	0.0
PGT21_008227	0.0533813333333	0.0	0.0	0.0	0.0	0.0	0.0	0.0
PGT21_019618	21.9943836667	0.0219283333333	0.0	0.0	4.023391	0.944376666667	0.0	2.51409166667
PGT21_009037	0.318093	0.0	0.0	0.0	0.0	0.0	0.0	0.0
PGT21_013552	0.0	0.0	0.0	0.0	0.0	0.0	0.0	0.0
PGT21_014908	0.0	0.0	0.0	0.0	0.0	0.0	0.0	0.0812623333333
PGT21_003736	0.162524666667	0.005759	0.0	0.0	0.0	0.0	0.0	0.0305826666667
PGT21_006400	0.343859333333	0.235587	0.0	0.0	0.0	0.0	0.0	0.0
PGT21_035063	20.329528	3.30498966667	1.38910233333	7.896304	3.58345666667	9.19546766667	16.788249	52.5088786667
PGT21_024731	0.0	0.0	0.0	0.0	0.0	0.0	0.0	0.0
PGT21_030850	109.057449	73452.272295	4200.72399933	1170.52131833	216.906140667	24.237513	70.4143243333	431.509666667
PGT21_017705	2.324642	1.68911433333	0.0	4.609806	2.57420433333	3.02278833333	2.93630333333	3.13803666667
PGT21_034973	0.0	0.0	0.0	0.0	0.0	0.0	0.0	0.0
PGT21_033842	0.363883	0.0	0.0	0.0	0.0	5.66761433333	0.0	0.0
PGT21_036773	0.076526	0.0	0.0	0.0	0.0	0.0	0.0	0.0
PGT21_031468	3.88118666667	39.7128406667	21.5177823333	25.5747306667	27.599562	24.6146746667	25.8206656667	18.4738146667
PGT21_036252	0.062452	0.0	0.0	0.0	0.0	0.0	0.0	0.0
PGT21_027192	0.0	0.0	0.0	0.0	0.0	0.0	0.0	0.0
PGT21_009150	13.6738366667	15.39994	0.0	0.0	27.9706893333	29.0637756667	52.8677543333	68.428199
PGT21_030685	0.0	0.0	0.0	0.0	0.0	0.0	0.0	0.0
PGT21_012214	0.0	0.0	0.0	0.0	0.0	0.0	0.0	0.0
PGT21_031892	0.519904333333	0.0	0.0	0.0	0.0	0.0	0.507751	0.213005666667
PGT21_025269	0.635002333333	2.78798233333	0.0	0.0	0.540833666667	0.207689	0.331718666667	0.37826
PGT21_035112	58.5078783333	125.800703667	67.938233	84.7010196667	119.098025333	106.070623333	78.102978	38.2673736667
PGT21_021885	0.0474323333333	0.0	0.0	0.0	0.0	0.244618666667	0.0	0.0
PGT21_015475	0.110258	0.0	0.0	0.0	0.0	0.0	0.0	0.0
PGT21_018262	0.112674666667	0.010485	0.0	0.0	0.0	0.0	0.0	0.0
PGT21_031161	2.93817066667	0.523821333333	0.0	0.0	2.14033266667	1.276832	4.185416	4.96313633333
PGT21_004895	0.223416333333	0.0635236666667	0.0	0.0	0.0	0.0	0.169934666667	0.103406666667
PGT21_026376	45.6561183333	0.0	30.5075546667	9.81260033333	8.327476	5.49818966667	6.998322	6.388554
PGT21_018592	8.43381666667	1.23666066667	2.204881	1.96030066667	3.340392	3.18363566667	2.18330366667	4.92220066667
PGT21_023854	0.142391333333	3.44957266667	0.0	0.0	0.0	1.82217266667	8.34165933333	6.565731
PGT21_008369	3.106109	0.0	0.0	0.0	0.816188666667	0.161944666667	0.401677	0.390835333333
PGT21_014091	0.0	0.0	0.0	0.0	0.0	0.0	0.0	0.0
PGT21_024309	0.0	0.0	0.0	0.0	0.0	0.0	0.0	0.0
PGT21_026395	4.384538	2.018981	0.0	0.0	0.0	20.832116	36.5681883333	32.592089
PGT21_033207	0.0	0.0	0.0	0.0	0.0	0.0	0.0	0.0
PGT21_008720	7.211709	1.04223466667	0.0	7.74337033333	3.986592	8.632549	14.8427836667	26.1564496667
PGT21_000127	0.0	0.0	0.0	0.0	0.0	0.0	0.0	0.0
PGT21_034459	0.0	0.0	0.0	0.0	0.0	0.0	0.0	0.0
PGT21_033381	0.745965333333	0.0	0.0	0.0	0.0	0.0	0.0	0.0
PGT21_033833	0.881253	0.00466666666667	0.0	0.0	0.0	0.0	0.0	0.202188
PGT21_020828	0.0	0.0	0.0	0.0	0.0	0.0	0.0	0.0
PGT21_014068	0.0	0.0	0.0	0.0	0.0	0.0	0.0	0.0
PGT21_031790	1.278367	0.00750333333333	0.0	0.0	0.470134333333	0.245937666667	0.342998333333	0.29321
PGT21_012379	0.0	0.0	0.0	0.0	0.0	0.0	0.0	0.0
PGT21_018403	0.0	0.0	0.0	0.0	0.0	0.0	0.0	0.0
PGT21_021258	0.0	0.0	0.0	0.0	0.0	0.0	0.0	0.0
PGT21_016006	0.0	0.0	0.0	0.0	0.0	0.0	0.0	0.0
PGT21_023150	0.0	0.0	0.0	0.0	0.0	0.0	0.0	0.0
PGT21_027465	6.17475133333	2.950239	5.74443333333	0.0	3.514501	4.10982766667	4.47060066667	4.13152666667
PGT21_009580	0.0	0.0	0.0	0.0	0.0	0.0	0.0	0.0
PGT21_014963	0.0	0.0	0.0	0.0	0.0	0.0	0.0	0.0
PGT21_035546	0.0	0.0	0.0	0.0	0.0	0.0	0.0	0.0
PGT21_024827	0.0	0.0	0.0	0.0	0.0	0.0	0.0	0.0
PGT21_034811	0.0	0.0	0.0	0.0	0.0	0.0	0.0	0.0
PGT21_032263	2.262017	1.42678066667	0.0	25.5857963333	2.572332	3.55310566667	1.74152233333	3.029464
PGT21_006209	0.0	0.0	0.0	0.0	0.0	0.0	0.0	0.0
PGT21_023057	14.7337106667	5.591458	7.579138	4.8159	7.44664466667	12.4034516667	10.898007	12.010532
PGT21_012057	0.0	0.0	0.0	0.0	0.0	0.0	0.0	0.0
PGT21_037131	1.11416033333	0.00826533333333	0.0	0.0	0.0	0.0	0.494987333333	0.27368
PGT21_005032	0.746602333333	0.0	0.0	0.0	0.0	0.0	0.0	0.0572963333333
PGT21_021539	0.0	0.0	0.0	0.0	0.0	0.0	0.0	0.0
PGT21_028171	0.324262333333	0.0	0.0	0.0	0.0	0.0	0.0	0.0
PGT21_004371	0.0	0.0	0.0	0.0	0.0	0.0	0.0	0.0
PGT21_009246	0.0	0.0	0.0	0.0	0.0	0.0	0.0	0.0
PGT21_026372	1.31343233333	0.789775	0.70466	0.0	1.90742633333	2.06590766667	1.33158533333	1.25760066667
PGT21_013999	0.0	0.0	0.0	0.0	0.0	0.0	0.0	0.0
PGT21_012933	0.627740333333	0.0	0.0	0.0	0.0	0.0	20.2923496667	5.46976133333
PGT21_028357	0.0	0.0	0.0	0.0	0.0	0.0	0.0	0.0
PGT21_016899	0.0	0.0	0.0	0.0	0.0	0.0	0.0	0.0
PGT21_029898	0.0	0.0	0.0	0.0	0.0	0.0	0.0	0.0
PGT21_003365	0.0	0.0	0.0	0.0	0.0	0.0	0.0	0.0
PGT21_022590	0.236635666667	0.0	0.0	0.0	0.0	0.0	0.0	0.0
PGT21_018398	0.0	0.0	0.0	0.0	0.0	0.0	0.0	0.0
PGT21_011892	0.0464816666667	0.0	0.0	0.0	0.0	0.0	0.0	0.0
PGT21_019895	8.70336733333	1.33936333333	0.0	0.616434	2.57184633333	2.277237	2.28643433333	3.30232933333
PGT21_010243	0.284754666667	0.0	0.0	0.0	0.0	0.0	0.0	0.0
PGT21_012078	0.0	0.0	0.0	0.0	0.0	0.0	0.0	0.0
PGT21_014336	0.812128	0.164712666667	0.0	0.0	0.281270333333	0.0	0.065157	0.0247143333333
PGT21_022044	0.0	0.0	0.0	0.0	0.0	0.0	0.0	0.0
PGT21_010434	0.0	0.0	0.0	0.0	0.0	0.0	0.0	0.0
PGT21_012317	0.0	0.0	0.0	0.0	0.0	0.0	0.0	0.0
PGT21_027094	121.215811667	20.2992616667	134.088978333	225.708346	214.506428667	191.244266667	170.615004333	132.037513333
PGT21_013387	0.0	0.0	0.0	0.0	0.0	0.0	0.0	0.380648666667
PGT21_036994	0.0	0.0	0.0	0.0	0.0	0.0	1.14977533333	0.0
PGT21_027728	0.0	0.0	0.0	0.0	0.0	0.0	0.0	0.0
PGT21_025950	0.0	0.0	0.0	0.0	0.0	0.0	0.0	0.0
PGT21_029173	0.0	0.0	0.0	0.0	0.0	0.0	0.0	0.0
PGT21_022403	0.0	0.0	0.0	0.0	0.0	0.0	0.0	0.0
PGT21_013473	185.569229667	0.0983666666667	197.869848667	155.933416	250.885512667	287.905551333	188.025623667	97.763841
PGT21_019194	6.60848	0.0	0.0	0.0	3.12075633333	1.327232	2.07752633333	0.0
PGT21_032176	1.28945366667	0.0332596666667	0.0	0.0	0.859216	0.0962483333333	0.146116	0.0372346666667
PGT21_036712	0.0	0.0	0.0	0.0	0.0	0.0	0.0	0.0
PGT21_003322	32.6547826667	4.47630333333	14.468433	63.480351	42.3598266667	45.6911313333	36.5980956667	31.5649173333
PGT21_015899	10.0402793333	14.7222696667	0.0	6.181643	9.39964766667	9.443895	9.420141	11.5124176667
PGT21_030925	6.409891	4.12210966667	2.345633	2.91773433333	5.00041166667	3.23204433333	3.28606833333	4.78890733333
PGT21_017763	2.69885066667	25.4277946667	0.0	0.0	0.0	1.02539966667	3.04757866667	1.200648
PGT21_015256	0.0	0.0	0.0	0.0	0.0	0.0	0.0	0.0
PGT21_028859	0.0	0.0	0.0	0.0	0.0	0.0	0.0	0.0
PGT21_007138	2.77080766667	0.00374033333333	0.0	0.0	0.0	0.120489	0.231942666667	0.145662333333
PGT21_023256	0.0	0.0	0.0	0.0	0.0	0.0	0.0	0.0
PGT21_015042	0.0	0.0	0.0	0.0	0.0	0.0	0.945002666667	0.0
PGT21_034516	0.0	0.0	0.0	0.0	0.0	0.0	0.0	0.0
PGT21_009158	0.0	0.0	0.0	0.0	0.0	0.0	0.0	0.0
PGT21_001898	0.0	0.0	0.0	0.0	0.0	0.0	0.0	0.0
PGT21_016712	0.397474333333	2.51956566667	0.0	0.0	0.0	0.0	0.0	7.45016533333
PGT21_002100	0.0	0.0	0.0	0.0	0.0	0.0	0.0	0.0
PGT21_036239	20.8980406667	7.76343266667	0.0	2.719036	6.15920133333	9.47188733333	11.478644	20.4197913333
PGT21_020632	0.257029333333	0.0	0.0	0.0	0.0	1.53900766667	0.0	0.413166333333
PGT21_016859	0.269814	0.272541666667	0.0	0.0	0.0	0.0	1.17103166667	1.51227033333
PGT21_014918	15.7200646667	9.33593033333	0.0	0.0	2.47972166667	13.96	10.826601	12.7024253333
PGT21_022873	0.0	0.0	0.0	0.0	0.0	0.0	0.0	0.0
PGT21_012340	0.0	0.0	0.0	0.0	0.0	0.0	0.0	0.0
PGT21_036770	0.0	0.0	0.0	0.0	0.0	0.0	0.0	0.0
PGT21_002202	0.0	0.0	0.0	0.0	0.0	0.0	0.0	0.0
PGT21_021770	5.825371	8.70469733333	9.80396166667	0.866795	2.827525	4.15175566667	3.604244	4.276022
PGT21_021725	0.871796	0.734757	0.0	0.0	0.879060333333	1.76023866667	1.45731433333	2.73134866667
PGT21_016723	0.0	0.0	0.0	0.0	0.0	0.0	0.0	0.0
PGT21_010051	182.683584667	0.008678	47.5419916667	27.4722703333	15.5734016667	11.6933406667	9.720865	12.522961
PGT21_008656	1.62558333333	0.0	0.0	0.0	0.0	0.0	0.0	0.0
PGT21_014475	0.0	0.0	0.0	0.0	0.0	0.0	0.0	0.0
PGT21_020861	0.0	0.0	0.0	0.0	0.0	0.0	0.0	0.0
PGT21_018263	0.0	0.0	0.0	0.0	0.0	0.0	0.0	0.0
PGT21_016063	6.919769	0.0123296666667	0.0	2.605152	0.0	0.991770333333	1.29120733333	2.79195266667
PGT21_032554	0.0	0.0	0.0	0.0	0.0	0.0	0.0	0.0
PGT21_014298	0.209618666667	0.0	0.0	0.0	0.797521	0.0	0.595353666667	0.330223666667
PGT21_036177	0.0	0.0	0.0	0.0	0.0	0.0	0.0	0.0
PGT21_011565	0.196844666667	0.0	0.0	0.0	0.0	0.768737	0.0	0.0
PGT21_028541	0.456901666667	0.0339893333333	0.0	0.0	0.0	0.0	0.565843	0.774949666667
PGT21_006547	0.514117666667	0.0	0.0	0.0	0.0	0.0	0.0	0.0
PGT21_027283	1.97486866667	47.2852853333	148.176169333	52.6780656667	6.55058133333	5.97752933333	3.87557133333	3.18316733333
PGT21_031453	2.555913	0.168888666667	0.0	0.0	0.0	7.09811666667	9.93737033333	13.626144
PGT21_032610	0.0	0.0	0.0	0.0	0.0	0.0	0.0	0.0
PGT21_022946	0.271142	5.397242	0.0	0.0	0.0	0.0	1.24970066667	2.40489233333
PGT21_020787	0.0	0.0	0.0	0.0	0.0	0.0	0.0	0.0
PGT21_032319	0.0	0.0	0.0	0.0	0.0	0.0	0.0	0.0
PGT21_027828	0.0	0.0	0.0	0.0	0.0	0.0	0.0	0.0
PGT21_032489	0.0	0.0	0.0	0.0	0.0	0.0	0.0	0.0
PGT21_026479	0.0	0.0	0.0	0.0	0.0	0.0	0.0	0.0
PGT21_013892	0.0	0.0	0.0	0.0	0.0	0.0	0.0	0.0
PGT21_013689	0.0	0.0	0.0	0.0	0.0	0.0	0.0	0.0
PGT21_030818	0.0	0.0	0.0	0.0	0.0	0.0	0.0	0.0
PGT21_028152	0.0	0.0	0.0	0.0	0.0	0.0	0.0	0.0
PGT21_011739	0.0366203333333	0.252875	0.0	0.0	0.0	0.0	0.0	0.0
PGT21_005457	3.03250933333	11.674181	0.0	2.495449	2.85844466667	2.62835133333	3.21590533333	5.50484233333
PGT21_016508	0.0	0.0	0.0	0.0	0.0	0.0	0.0	0.0
PGT21_008487	0.0	0.0	0.0	0.0	0.0	0.0	0.0	0.0
PGT21_024826	0.164678666667	0.0393016666667	0.0	0.0	4.88554166667	0.0	0.0	0.595798
PGT21_021224	0.0	0.0	0.0	0.0	0.0	0.0	0.0	0.0
PGT21_015503	0.0	0.0	0.0	0.0	0.0	0.0	0.0	0.0
PGT21_014727	0.0	0.0	0.0	0.0	0.0	0.0	0.0	0.0
PGT21_021159	0.0	0.0	0.0	0.0	0.0	0.0	0.0	0.0
PGT21_013359	8.69862533333	5.01197533333	78.3195486667	8.42962333333	16.93541	24.128649	17.627921	22.137841
PGT21_004762	3.25924166667	0.0	0.0	0.0	1.83597733333	0.939913333333	0.379436333333	0.762655333333
PGT21_024083	0.0	0.0	0.0	0.0	0.0	0.0	0.0	0.0
PGT21_025104	0.0	0.0	0.0	0.0	0.0	0.0	0.0	0.0
PGT21_030193	0.0	0.0	0.0	0.0	0.0	0.0	0.0	0.0
PGT21_013492	4.86769933333	0.0	0.0	0.0	153.807675333	0.0	0.0	5.31314466667
PGT21_018397	2.70505766667	0.0	0.0	4.41147733333	3.22372333333	2.65894966667	1.38437666667	1.18914
PGT21_017462	0.0832866666667	0.0	0.0	0.0	0.0	0.0	0.0	0.0
PGT21_011702	0.729073	0.0	0.0	0.0	0.0	0.345519	0.150955	0.367429333333
PGT21_009558	0.0	0.0	0.0	0.0	0.0	0.0	0.0	0.0
PGT21_009561	0.760494	8.87269266667	0.0	0.0	0.0	4.897938	0.0	1.20912066667
PGT21_015854	0.0	0.0	0.0	0.0	0.0	0.0	0.0	0.0
PGT21_019140	0.0	0.0	0.0	0.0	0.0	0.0	0.0	0.0
PGT21_019412	0.0	0.0	0.0	0.0	0.0	0.0	0.0	0.0
PGT21_005801	0.0	0.0	0.0	0.0	0.0	0.0	0.0	0.0
PGT21_027425	0.0	0.0	0.0	0.0	0.0	0.0	0.0	0.0
PGT21_030744	0.0	0.0	0.0	0.0	0.0	0.0	0.0	0.0
PGT21_030666	0.236561666667	0.0	0.0	0.0	0.0	0.0	0.0	0.0
PGT21_007906	0.0	0.0	0.0	0.0	0.0	0.0	0.0	0.0
PGT21_008510	0.0	0.158261333333	0.0	0.0	0.0	0.0	0.0	0.0
PGT21_021930	0.0	0.0	0.0	0.0	0.0	0.0	0.0	0.0
PGT21_010754	0.0	0.0330083333333	0.0	0.0	0.0	0.0	0.0	0.0
PGT21_007554	1.56907633333	0.859011333333	6.72512766667	0.0	1.43840633333	1.25207	1.00888066667	3.08883366667
PGT21_004506	0.0	0.0	0.0	0.0	0.0	0.0	0.0	0.0
PGT21_025942	0.0	0.0	0.0	0.0	0.0	0.0	0.0	0.0
PGT21_020457	5.039589	3.015955	2.982448	3.600441	5.76682233333	7.543697	6.91275766667	6.83953966667
PGT21_000230	0.0	0.0	0.0	0.0	0.0	0.0	0.0	0.0
PGT21_012148	0.0	0.0	0.0	0.0	0.0	0.0	0.0	0.0
PGT21_025080	0.0	0.0	0.0	0.0	0.0	0.0	0.0	0.0
PGT21_014755	0.0	0.0	0.0	0.0	0.0	0.0	0.0	0.0
PGT21_012314	6.51345966667	0.0	0.0	0.0	4.616982	0.0	1.09217566667	0.0
PGT21_035742	0.0	0.0	0.0	0.0	0.0	0.0	0.0	0.0
PGT21_024544	0.0	0.0	0.0	0.0	0.0	0.0	0.0	0.0
PGT21_020568	0.0	0.0	0.0	0.0	0.0	0.0	0.0	0.0
PGT21_024679	4.71661833333	4.00194033333	10.2848806667	12.4629286667	10.028186	11.3420003333	9.184697	6.52925
PGT21_020602	1.45548033333	0.00621666666667	0.0	0.0	1.36247966667	0.137412333333	0.250507	1.21900033333
PGT21_027215	0.0	0.0	0.0	0.0	0.0	0.0	0.0	0.0
PGT21_033862	0.0	0.0	0.0	0.0	0.0	0.0	0.0	0.0
PGT21_024845	0.0	0.0	0.0	0.0	0.0	0.0	0.0	0.0
PGT21_028493	29.7648506667	1.38819966667	0.0	0.0	1.06231466667	0.834326666667	1.396625	3.00664433333
PGT21_016876	0.0	0.0	0.0	0.0	0.0	0.0	0.0	0.0
PGT21_002468	0.0	0.0	0.0	0.0	0.0	0.0	0.0	0.0
PGT21_036180	0.0	0.0	0.0	0.0	0.0	0.0	0.0	0.0
PGT21_007452	0.0	0.0	0.0	0.0	0.0	0.0	0.0	0.0
PGT21_016696	37.3269196667	5.725266	6.91643	2.17042533333	3.44909033333	15.7465676667	16.1047443333	17.4760776667
PGT21_035764	10.01389	6.52491833333	7.094073	13.5051906667	18.1287336667	18.0918966667	14.839202	19.8645313333
PGT21_014222	0.0	0.0	0.0	0.0	0.0	0.0	0.0	0.0
PGT21_035121	0.0	0.0	0.0	0.0	0.0	0.0	0.0	0.0
PGT21_027936	0.0	0.0	0.0	0.0	0.0	0.0	0.0	0.0
PGT21_030484	25.946285	15.1351606667	12.658039	32.4653573333	33.5558706667	38.1142396667	37.828132	37.6687983333
PGT21_011993	0.566833	0.0	0.0	0.0	0.0	0.0	0.0	0.0
PGT21_032841	0.0	0.0	0.0	0.0	0.0	0.0	0.0	0.0
PGT21_035937	0.0	0.0	0.0	0.0	0.0	0.0	0.0	0.0
PGT21_016890	0.0	0.0	0.0	0.0	0.0	0.0	0.0	0.0
PGT21_033051	0.109338666667	0.0132756666667	0.0	0.0	0.0	0.348649	0.246759333333	0.113170666667
PGT21_010013	0.0	0.0	0.0	0.0	0.0	0.0	0.0	0.0
PGT21_037310	0.0	0.0	0.0	0.0	0.0	0.0	0.0	0.0
PGT21_018590	0.0	0.0	0.0	0.0	0.0	0.0	0.0	0.0
PGT21_019856	0.0	0.0	0.0	0.0	0.0	0.0	0.0	0.0
PGT21_025343	15.934116	23.9698906667	8.55671133333	12.213342	6.767169	9.28826433333	9.69608966667	13.199936
PGT21_006544	0.0	0.0	0.0	0.0	0.0	0.0	0.0	0.0
PGT21_020604	0.652321	0.0	0.0	0.0	0.0	0.0	0.0	0.0684323333333
PGT21_008735	0.0	0.0	0.0	0.0	0.0	0.0	0.0	0.0
PGT21_002074	0.067884	0.0	0.0	0.0	0.0	0.0	0.0	0.0
PGT21_000717	0.155106666667	0.0	0.0	0.0	0.0	0.0	0.0	0.0
PGT21_010578	0.0	0.0	0.0	0.0	0.0	0.0	0.0	0.0
PGT21_036101	3.51781166667	2.70125933333	7.299064	5.14999966667	5.45260433333	5.43604233333	3.88043166667	3.40012466667
PGT21_034145	0.0	0.0	0.0	0.0	0.0	0.0	0.0	0.0
PGT21_012547	0.0	0.0	0.0	0.0	0.0	0.0	0.0	0.0
PGT21_034773	3.21487033333	0.799586333333	5.96861233333	4.34038466667	3.09262766667	3.77168033333	2.61627966667	3.24009066667
PGT21_036628	0.061664	0.0144843333333	0.0	0.0	0.0	0.0	0.0	0.0
PGT21_011249	0.0	0.0	0.0	0.0	0.0	0.0	0.0	0.0
PGT21_011184	0.694035	0.0	0.0	0.0	0.0	0.0	0.0	0.0
PGT21_018211	0.0	0.0	0.0	0.0	0.0	0.0	0.0	0.0
PGT21_020046	0.0	0.0	0.0	0.0	0.0	0.0	0.0	0.0
PGT21_002499	0.0	0.0	0.0	0.0	0.0	0.0	0.0	0.0
PGT21_022685	0.0262823333333	0.0666903333333	0.0	0.0	0.0	0.0	0.0	0.044947
PGT21_021263	0.0	0.0499293333333	0.0	0.0	0.0	0.0	0.0	0.0
PGT21_018909	0.0381493333333	0.457430333333	0.0	0.0	0.0	0.0	0.210571333333	0.341213666667
PGT21_010067	2.46113666667	0.0	0.0	0.0	0.0	1.03599666667	0.287764	0.286961333333
PGT21_009280	0.789376333333	269.281914333	32.1224726667	15.1659096667	0.431048666667	0.378358	0.0	0.500237
PGT21_020764	0.0	0.0	0.0	0.0	0.0	0.0	0.0	0.0
PGT21_020394	4.04129533333	1.231201	0.0	0.0	0.0	0.0	0.0	0.0
PGT21_028509	6.47792733333	2.62317033333	6.409268	0.0	2.41350666667	4.012054	2.85869133333	4.14839033333
PGT21_034891	8.51846433333	5.657543	7.183152	13.330953	7.01426066667	6.80498666667	5.502337	4.65154233333
PGT21_022987	0.0838213333333	0.0	0.0	0.0	0.0	0.0	0.0	0.0
PGT21_020060	5.457136	2.46576066667	0.0	0.0	0.0	0.612185333333	0.587586333333	0.974939333333
PGT21_000593	0.0	0.0	0.0	0.0	0.0	0.0	0.0	0.0
PGT21_032544	0.0	0.0	0.0	0.0	0.0	0.0	0.0	0.0
PGT21_022222	0.670380333333	0.0	0.0	0.0	0.995413666667	0.17893	0.391403	0.620067333333
PGT21_030041	0.0	0.0	0.0	0.0	0.0	0.0	0.0	0.0
PGT21_035228	0.154478	0.0	0.0	0.0	0.0	0.0	0.0	0.0
PGT21_008926	0.0	0.0	0.0	0.0	0.0	0.0	0.0	0.0
PGT21_027542	7.66221333333	1.0822	0.0	3.72155766667	4.319573	6.85281666667	6.23110466667	6.306017
PGT21_024180	0.0	0.212242666667	0.0	0.0	0.0	0.0	2.011505	3.62736233333
PGT21_013424	0.0	0.0	0.0	0.0	0.0	0.0	0.0	0.0
PGT21_024447	0.260364	0.0	0.0	0.0	0.0	0.0	0.0	0.0
PGT21_016942	0.0	0.0	0.0	0.0	0.0	0.0	0.0	0.0
PGT21_003859	21.177939	0.0	0.0	0.0	0.0	1.11503333333	1.70149033333	0.630925333333
PGT21_033352	0.102127	0.106055666667	0.0	7.11620033333	0.0	2.707842	0.565894666667	0.595859666667
PGT21_028739	0.0	0.0	0.0	0.0	0.0	0.0	0.0	0.0
PGT21_033759	0.0	0.0	0.0	0.0	0.0	0.0	0.0	0.0
PGT21_031368	0.0838583333333	0.0	0.0	0.0	0.0	0.0	0.103226	0.0461793333333
PGT21_003975	27.5447056667	16.993078	14.6323776667	0.0	5.10299733333	5.76175966667	5.68154266667	9.62569066667
PGT21_025621	0.0	0.0	0.0	0.0	0.0	0.0	0.0	0.0
PGT21_021511	0.0	0.0	0.0	0.0	0.0	0.0	0.0	0.0
PGT21_026648	0.0	0.0	0.0	0.0	0.0	0.0	0.0	0.0
PGT21_026463	0.0808363333333	0.0868116666667	0.0	0.0	0.0	0.0	0.0	0.0
PGT21_001239	0.0	0.0	0.0	0.0	0.0	0.0	0.0	0.0
PGT21_029762	0.061356	0.0	0.0	0.0	0.0	0.0	0.0	0.0
PGT21_024055	2.88438133333	0.01248	0.0	5.45285433333	0.0	0.26376	0.444401666667	0.152951333333
PGT21_032114	0.0	0.0	0.0	0.0	0.0	0.0	0.0	0.0
PGT21_016359	0.0	0.0	0.0	0.0	0.0	0.0	0.0	0.0
PGT21_012586	12.693399	0.0	0.0	4.22980866667	4.454216	3.16389366667	0.700858666667	0.961453666667
PGT21_008500	0.189936666667	0.050814	0.0	0.0	0.0	0.0	0.0	0.101702
PGT21_017912	0.0	0.0	0.0	0.0	0.0	0.0	0.0	0.0
PGT21_008934	0.0	0.733146666667	0.0	0.0	0.0	0.0	0.0	0.0
PGT21_005045	0.0	0.0	0.0	0.0	0.0	0.0	0.0	0.0
PGT21_023354	19.1982473333	14.489315	0.0	33.81962	18.327713	16.1686523333	19.474322	21.1317896667
PGT21_005868	0.0	0.0	0.0	0.0	0.0	0.0	0.0	0.0
PGT21_011809	0.0	0.0	0.0	0.0	0.0	0.0	0.0	0.0
PGT21_015316	0.385755333333	0.0363873333333	0.0	0.0	2.10151666667	0.287218333333	0.454439	0.708704333333
PGT21_028195	0.044969	0.324254666667	0.0	0.0	0.942595666667	0.0	0.370655	0.909641
PGT21_033042	0.0	0.0	0.0	0.0	0.0	0.0	0.0	0.0
PGT21_029910	0.0	0.0	0.0	0.0	0.0	0.0	0.0	0.0
PGT21_025072	0.0	0.0	0.0	0.0	0.0	0.0	0.0	0.0
PGT21_005222	0.0	0.0	0.0	0.0	0.0	0.0	0.0	0.0
PGT21_012107	0.0	0.0	0.0	0.0	0.0	0.0	0.0	0.0
PGT21_010125	73.3045913333	0.0	0.0	0.0	104.162502333	42.8986183333	0.0	135.791587333
PGT21_025694	0.0	0.019269	0.0	0.0	0.0	0.0	0.0	0.0
PGT21_017514	0.0	0.0	0.0	0.0	0.0	0.0	0.0	0.0
PGT21_031452	0.163796333333	0.043088	0.0	0.0	0.0	0.0	0.0	0.357644333333
PGT21_018941	0.0	0.0	0.0	0.0	0.0	0.0	0.0	0.0
PGT21_013299	0.0	0.0	0.0	0.0	0.0	0.0	0.0	0.0
PGT21_005987	0.0	0.0	0.0	0.0	0.0	0.0	0.0	0.0
PGT21_007003	0.0899366666667	0.0	0.0	0.0	0.0	0.0	0.0	0.015074
PGT21_021944	0.0	0.0	0.0	0.0	0.0	0.0	0.0	0.0
PGT21_019606	0.0	0.0	0.0	0.0	0.0	0.0	0.0	0.0
PGT21_000601	0.0	0.0	0.0	0.0	0.0	0.0	0.0	0.0
PGT21_014223	0.0	0.0	0.0	0.0	0.0	0.0	0.0	0.0
PGT21_005334	38.823677	2.60621566667	35.1194356667	28.2327596667	30.6039083333	28.1404826667	26.3821636667	19.549397
PGT21_029146	2.73538866667	0.155475333333	0.0	0.0	0.0	0.0	0.0	0.0
PGT21_009757	0.201682	0.0385363333333	39.5747893333	0.0	0.0	0.0	1.97882033333	1.80255833333
PGT21_027628	3.95652766667	3.97061933333	0.0	1.93819066667	2.73485733333	2.85351966667	3.30630066667	3.31460133333
PGT21_032730	0.0	0.0	0.0	0.0	0.0	0.0	0.0	0.0
PGT21_012564	0.0581826666667	0.0	0.0	0.0	0.0	0.0	0.0	0.0
PGT21_008099	8.428297	0.0	0.0	0.0	0.0	0.0	0.0	0.751288333333
PGT21_016774	1.62898833333	5.848203	0.0	0.0	4.42352466667	1.40972533333	4.35191333333	6.49831966667
PGT21_011941	0.252463333333	0.0	0.0	0.0	0.0	0.0	0.0	0.463032333333
PGT21_001266	0.0	0.0	0.0	0.0	0.0	0.0	0.0	0.0
PGT21_012677	0.0	0.0	0.0	0.0	0.0	0.0	0.0	0.0
PGT21_016339	0.0	0.0	0.0	0.0	0.0	0.0	0.0	0.0
PGT21_000730	0.0	0.0	0.0	0.0	0.0	0.0	0.0	0.0
PGT21_013884	0.0388833333333	0.51307	0.0	0.0	0.0	0.0	0.0	0.0
PGT21_037199	0.0	0.0	0.0	0.0	0.0	0.0	0.0	0.0
PGT21_022906	0.137508666667	0.0	0.0	0.0	0.0	0.0	0.0	0.0
PGT21_011567	0.0	0.0	0.0	0.0	0.0	0.0	0.0	0.0
PGT21_014791	0.0	0.0	0.0	0.0	0.0	0.0	0.0	0.0
PGT21_007860	0.0	0.0453056666667	0.0	0.0	0.0	0.0	0.0	0.493668333333
PGT21_009329	0.0	0.0	0.0	0.0	0.0	0.0	0.0	0.0
PGT21_036259	0.0	0.0	0.0	0.0	0.0	0.0	0.0	0.0
PGT21_020870	0.0	0.0	0.0	0.0	0.0	0.0	0.0	0.0
PGT21_020353	4.04026833333	0.007827	0.0	1.51407666667	1.95524566667	0.884666333333	0.798395666667	1.39357066667
PGT21_034666	2.06504666667	1.32507133333	8.35408266667	0.0	0.0	1.64229266667	1.92637033333	0.896091
PGT21_001047	0.0	0.0	0.0	0.0	0.0	0.0	0.0	0.0
PGT21_007583	0.132121666667	0.011201	0.0	0.0	0.0	0.0	0.184196666667	0.035773
PGT21_026424	0.0	0.0	0.0	0.0	0.0	0.0	0.0	0.0
PGT21_020295	49.4103703333	9.54019966667	0.0	6.49776	24.4813316667	36.8912653333	37.4738333333	41.7471796667
PGT21_003725	11.5772536667	0.060413	1.816999	0.512768333333	2.35390166667	1.52586266667	1.30720033333	1.740907
PGT21_018680	0.0	0.0	0.0	0.0	0.0	0.0	0.0	0.0
PGT21_010078	0.0	0.0	0.0	0.0	0.0	0.0	0.0	0.0
PGT21_019911	0.0	0.0	0.0	0.0	0.0	0.0	0.0	0.0
PGT21_033745	0.0	0.0	0.0	0.0	0.0	0.0	0.0	0.0
PGT21_014960	0.0	0.0	0.0	0.0	0.0	0.0	0.0	0.299193333333
PGT21_004022	0.0	0.0	0.0	0.0	0.0	0.0	0.0	0.0
PGT21_026559	0.0	0.0	0.0	0.0	0.0	0.0	0.0	0.0
PGT21_032630	0.0351856666667	0.0	0.0	0.0	0.0	0.0	0.0	0.0
PGT21_032315	0.0	0.0	0.0	0.0	0.0	0.0	0.0	0.0
PGT21_018495	0.0389443333333	0.104382333333	0.0	0.0	0.0	0.0	0.466866333333	0.673588666667
PGT21_016482	0.0	0.0	0.0	0.0	0.0	0.0	0.0	0.0
PGT21_026847	0.0	0.0	0.0	0.0	0.0	0.0	0.0	0.0
PGT21_014864	0.0	0.0	0.0	0.0	0.0	0.0	0.0	0.0
PGT21_008853	3.060967	4.33101766667	2.48237533333	0.706869666667	0.278571666667	3.628982	2.278359	3.76974533333
PGT21_009370	0.214873666667	0.0	0.0	0.0	0.0	0.0	0.0	0.0
PGT21_016520	0.0	0.0	0.0	0.0	0.0	0.0	0.0	0.0
PGT21_024833	0.0	0.0	0.0	0.0	0.0	0.0	0.0	0.0
PGT21_013059	0.287716666667	0.0	0.0	0.0	0.0	0.279540666667	0.26091	0.132974666667
PGT21_015220	0.0	0.0	0.0	0.0	0.0	0.0	0.0	0.0
PGT21_022713	0.0	0.0	0.0	0.0	0.0	0.0	0.0	0.0
PGT21_021079	0.065759	0.0	0.0	0.0	0.0	0.0	0.0	0.0
PGT21_024096	0.0	0.075033	0.0	0.0	0.0	0.0	0.0	0.329112666667
PGT21_030889	0.0	0.0	0.0	0.0	0.0	0.0	0.0	0.0
PGT21_011775	5.566786	3.1355	2.946559	2.77395233333	4.26890566667	4.194502	6.11162	9.47227633333
PGT21_015578	0.0	0.0	0.0	0.0	0.0	0.0	0.0	0.0
PGT21_015195	0.0	0.0	0.0	0.0	0.0	0.0	0.0	0.0
PGT21_015177	0.0	0.0	0.0	0.0	0.0	0.0	0.0	0.0
PGT21_016918	0.0	0.0	0.0	0.0	0.0	0.0	0.0	0.0
PGT21_001004	0.0	0.0	0.0	0.0	0.0	0.0	0.0	0.0
PGT21_019509	55.2005986667	25.4203083333	0.0	14.856083	38.8100376667	34.004599	31.9895243333	41.25139
PGT21_015765	0.0	0.0	0.0	0.0	0.0	0.0	0.0	0.0
PGT21_010204	0.0	0.0	0.0	0.0	0.0	0.0	0.0	0.0
PGT21_001654	3.32855166667	0.0573003333333	0.0	0.0	0.259127666667	0.473499	0.779495333333	0.708059
PGT21_016001	0.0	0.0	0.0	0.0	0.0	0.0	0.0	0.0
PGT21_018442	0.0	0.0	0.0	0.0	0.0	0.0	0.0	0.0
PGT21_033990	0.185998	0.0	0.0	0.0	0.0	0.0	0.918729333333	0.393239
PGT21_024076	0.0	0.0	0.0	0.0	0.0	0.0	0.0	0.0
PGT21_009135	0.0	0.0	0.0	0.0	0.0	0.0	0.0	0.0
PGT21_024551	0.0	0.0	0.0	0.0	0.0	0.0	0.0	0.0
PGT21_037274	0.0	0.0	0.0	0.0	0.0	0.0	0.0	0.0
PGT21_009425	49.169668	10.358889	24.240832	43.6921086667	51.315254	51.7031576667	45.1228043333	32.9566583333
PGT21_024917	9.92224433333	0.0	7.14521766667	5.73385033333	4.193924	2.68993933333	3.194488	3.208767
PGT21_036316	1.08855733333	0.0	0.0	0.0	0.0	0.0	0.0	2.48163833333
PGT21_007291	0.0243233333333	0.0	0.0	0.0	0.0	0.0	0.0	0.0
PGT21_005733	0.0	0.0	0.0	0.0	0.0	0.0	0.0	0.0
PGT21_000636	0.0	0.0	0.0	0.0	0.0	0.0	0.0	0.0
PGT21_011233	0.133022333333	0.428948333333	0.0	0.0	0.0	0.0	0.0	0.0
PGT21_007124	0.0	0.0	0.0	0.0	0.0	0.0	0.0	0.0
PGT21_033041	35.0805706667	22.8210546667	0.0	0.0	37.536341	22.610845	29.7328133333	44.347203
PGT21_027380	0.0	0.0	0.0	0.0	0.0	0.0	0.0	0.0
PGT21_027228	0.0	0.0	0.0	0.0	0.0	0.0	0.0	0.0
PGT21_025697	0.0	0.0	0.0	0.0	0.0	0.0	0.0	0.0
PGT21_030991	0.0	0.0	0.0	0.0	0.0	0.0	0.0	0.0
PGT21_024883	0.105700333333	0.0	0.0	0.0	0.526993333333	0.247393333333	0.131134333333	0.0
PGT21_027703	0.0	0.0	0.0	0.0	0.0	0.0	0.0	0.0
PGT21_030155	0.0	0.0	0.0	0.0	0.0	0.0	0.0	0.0
PGT21_035354	0.0	0.0	0.0	0.0	0.0	0.0	0.0	0.0
PGT21_035016	0.0	0.0	0.0	0.0	0.0	0.0	0.0	0.0
PGT21_031581	45.5007156667	5.80520366667	22.542524	35.6601186667	35.7805556667	39.6162596667	38.8842613333	38.436066
PGT21_014224	0.488521	1.94388233333	4.770214	5.203289	0.536771333333	0.165713	0.446588666667	0.623530333333
PGT21_014271	0.0	0.0	0.0	0.0	0.0	0.0	0.0	0.0
PGT21_012898	0.0	0.0	0.0	0.0	0.0	0.0	0.0	0.0
PGT21_036886	0.0	0.0	0.0	0.0	0.0	0.0	0.0	0.0
PGT21_019319	3.38567666667	0.0	0.0	0.0	0.0	0.0	0.623437	0.0
PGT21_017655	0.34022	0.0	0.0	0.0	0.0	0.0	0.0	0.0
PGT21_024930	0.633772666667	0.0322703333333	0.0	0.0	0.623589333333	0.526000333333	0.608685	0.339613
PGT21_028809	0.0	0.0	0.0	0.0	0.0	0.0	0.0	0.0
PGT21_002736	0.0	0.0	0.0	0.0	0.448419333333	0.0	0.0	0.0
PGT21_037316	0.0	0.0	0.0	0.0	0.0	0.0	0.0	0.0
PGT21_020962	0.0	0.0	0.0	0.0	0.0	0.0	0.0	0.0
PGT21_005953	0.0	0.0	0.0	0.0	0.0	0.0	0.0	0.0
PGT21_016321	0.274326	0.0	0.0	0.0	0.0	0.0	0.0	0.0
PGT21_022522	0.0	0.0	0.0	0.0	0.0	0.0590873333333	0.0	0.121065
PGT21_034433	0.212828666667	0.077584	0.0	0.0	0.0	0.0	0.0	0.0
PGT21_026745	0.0	0.0	0.0	0.0	0.0	0.0	0.0	0.0
PGT21_029541	0.0	0.0	0.0	0.0	0.0	0.0	0.0	0.0
PGT21_033591	0.0	0.284044	0.0	0.0	0.0	0.0	0.0	0.0
PGT21_026443	0.0	0.0	0.0	0.0	0.0	0.0	0.0	0.0
PGT21_006277	1.388583	0.0	0.0	0.0	0.0	0.475326	0.841054	1.119412
PGT21_006270	0.029882	0.0	0.0	0.0	0.0	0.0	0.0	0.0
PGT21_014449	0.0	0.0	0.0	0.0	1.24605733333	0.0	0.0	0.0
PGT21_036274	0.0	0.0	0.0	0.0	0.0	0.0	0.0	0.0
PGT21_001393	0.0966633333333	0.024321	0.0	0.0	0.0	0.0	0.0	0.0
PGT21_016326	3.25627733333	0.847724333333	0.0	8.06952966667	1.23480733333	2.00502666667	1.28044633333	1.577665
PGT21_015033	54.482978	59.3094483333	16.187266	35.7928953333	42.337315	45.641941	47.032891	60.1451223333
PGT21_024321	0.0	0.0	0.0	0.0	0.0	0.0	0.0	0.0
PGT21_030380	143.774653667	35.7944823333	0.0	79.1045253333	65.7548016667	75.8652233333	97.8254096667	129.739669
PGT21_018186	0.0	0.0	0.0	0.0	0.0	0.0	0.0	0.0
PGT21_036304	5.33081266667	2.18349766667	24.1100376667	14.6979803333	9.06613133333	12.25156	10.925888	10.5815763333
PGT21_036633	6.14694933333	0.0	0.0	1.02884833333	3.840961	2.12372533333	1.70466433333	1.44656733333
PGT21_034406	1.03907033333	0.0	0.0	0.0	0.0	0.0	0.236824333333	0.0
PGT21_013668	0.0	0.0	0.0	0.0	0.0	0.0	0.0	0.0
PGT21_016093	0.475053666667	0.0	0.0	0.0	0.0	0.0	0.0	0.0282096666667
PGT21_011352	0.0	0.0	0.0	0.0	0.0	0.0	0.0	0.0
PGT21_026461	0.0	0.0	0.0	0.0	0.0	0.0	0.0	0.0
PGT21_021031	5.97759233333	8.515178	0.0	7.76183833333	5.61957966667	7.83854066667	6.51921466667	7.23249233333
PGT21_020808	0.0	0.0	0.0	0.0	0.0	0.0	0.0	0.0
PGT21_024889	17.6440283333	4.032633	4.11466633333	20.6009013333	13.725713	13.3016886667	14.7751933333	17.182604
PGT21_028567	0.0	0.0	0.0	0.0	0.0	0.0	0.0	0.0
PGT21_029987	4.82539633333	14.529652	0.0	6.54690433333	2.30935966667	5.924844	9.40646733333	15.975248
PGT21_024358	0.0	0.0	0.0	0.0	0.0	0.0	0.0	0.0
PGT21_018068	14.3807956667	2.62347566667	0.0	5.57623766667	0.0	2.99731233333	6.773592	13.2466216667
PGT21_000436	6.740695	20.4867246667	0.0	0.0	13.794332	20.917207	23.4327943333	26.800459
PGT21_001939	2.571211	0.0	0.0	0.0	0.823686333333	0.728784	0.357502	1.00144233333
PGT21_002883	0.504358	0.0	0.0	0.0	0.0	0.098479	0.0	0.147063333333
PGT21_018476	0.0	0.0	0.0	0.0	0.0	0.0	0.0	0.0
PGT21_013491	0.0	0.0	0.0	0.0	0.0	0.0	0.0	0.0
PGT21_009909	0.0	0.0	0.0	0.0	0.0	0.0	0.0	0.0
PGT21_036564	0.0782036666667	0.0	0.0	0.0	0.0	0.0	0.0	0.193687
PGT21_031627	0.0	0.0	0.0	0.0	0.0	0.0	0.0	0.0
PGT21_003877	26.047633	130.515139333	6.53990166667	10.3471053333	7.924592	9.72317333333	8.95073233333	14.1981536667
PGT21_026051	0.0	0.0	0.0	0.0	0.0	0.0	0.0	0.0
PGT21_028505	0.122528666667	0.0	0.0	0.0	0.0	0.0	0.0	0.0
PGT21_018063	0.0	0.0	0.0	0.0	0.0	0.0	0.0	0.0
PGT21_019116	10.1359776667	3.54654866667	0.0	0.884117	10.2017393333	8.47103166667	8.50951333333	8.44162933333
PGT21_003081	3.07231666667	0.0	0.0	1.17102	0.0	0.592967	0.517002	0.642542
PGT21_026686	14.4219686667	0.0	0.0	0.0	0.0	1.097228	0.0	0.366125
PGT21_030770	0.0	0.0	0.0	0.0	0.0	0.0	0.0	0.0
PGT21_002597	0.51977	0.0	0.0	3.249084	1.130697	0.594862	0.225323666667	0.155789666667
PGT21_013459	0.143573333333	0.476834666667	0.0	0.0	0.0	0.0	0.155187333333	0.909242
PGT21_011841	16.2120786667	0.0	0.0	0.0	10.6090213333	0.839266	2.147309	4.857352
PGT21_021820	0.0	0.0	0.0	0.0	0.0	0.0	0.0	0.0
PGT21_009947	0.0	0.0267306666667	0.0	0.0	0.0	0.0	0.0	0.0
PGT21_023659	0.0	0.0	0.0	0.0	0.0	0.0	0.0	0.0
PGT21_012161	0.0	0.0	0.0	0.0	0.0	0.0	0.0	0.0
PGT21_015584	0.0	0.0	0.0	0.0	0.0	0.0	0.0	0.0
PGT21_001828	0.0	0.0	0.0	0.0	0.0	0.0	0.0	0.0
PGT21_035692	5.26561433333	1.40467433333	8.06787066667	0.459097	3.28887066667	3.88341433333	3.96934833333	5.64194333333
PGT21_021351	0.0	0.0	0.0	0.0	0.0	0.0	0.0	0.0
PGT21_037115	0.0	0.0	0.0	0.0	0.0	0.0	0.0	0.0
PGT21_007190	0.0	0.0	0.0	0.0	0.0	0.0	0.0	0.0
PGT21_001884	0.0	0.0	0.0	0.0	0.0	0.0	0.0	0.0
PGT21_017965	0.0	0.0	0.0	0.0	0.0	0.0	0.0	0.0
PGT21_027724	0.0	0.0	0.0	0.0	0.0	0.0	0.0	0.0
PGT21_009950	0.0	0.0	0.0	0.0	0.0	0.0	0.0	0.0
PGT21_035894	3.59148566667	0.0	0.0	0.0	0.0	3.77704833333	0.645752	0.456778666667
PGT21_032955	0.0	0.0	0.0	0.0	0.0	0.0	0.0	0.0
PGT21_013531	3.88239833333	3.14422866667	8.11257166667	3.17618333333	2.72941833333	3.35546733333	2.72190766667	5.29430166667
PGT21_009829	0.0	0.0	0.0	0.0	0.0	0.0	0.0	0.0
PGT21_028842	0.252156	0.0	0.0	0.0	1.69398166667	1.408782	0.0	0.355428333333
PGT21_017807	0.0	0.0	0.0	0.0	0.0	0.0	0.0	0.0
PGT21_015392	0.111815666667	0.0	0.0	0.0	0.0	0.0	0.0	0.0
PGT21_020177	0.0	0.0	0.0	0.0	0.0	0.0	0.0	0.0
PGT21_027305	0.0	0.0	0.0	0.0	0.0	0.0	0.0	0.0
PGT21_027205	0.0	0.0	0.0	0.0	0.0	0.0	0.0	0.0
PGT21_031450	0.538788333333	0.0	0.0	0.0	0.780258333333	1.00293933333	1.235504	2.15906233333
PGT21_008629	0.311110333333	0.0286296666667	0.0	0.0	0.0	0.0	0.0	0.0
PGT21_034860	0.0	0.0	0.0	0.0	0.0	0.0	0.0	0.0
PGT21_033144	0.0	0.0	0.0	0.0	0.0	0.0	0.0	0.0
PGT21_013084	0.0	0.0	0.0	0.0	0.0	0.0	0.0	0.0
PGT21_019584	0.0	0.0	0.0	0.0	0.0	0.0	0.0	0.0
PGT21_037217	0.0586113333333	0.0	0.0	0.0	0.0	0.0794133333333	0.0	0.0
PGT21_012864	0.0	0.0	0.0	0.0	0.0	0.0	0.0	0.0
PGT21_022454	0.0288833333333	0.0	0.0	0.0	0.0	0.0	0.0	0.0
PGT21_009477	3.77030833333	2.74841566667	0.0	0.0	1.049709	4.38492966667	5.12846333333	6.39064433333
PGT21_031686	0.0	0.0	0.0	0.0	0.0	0.0	0.0	0.0
PGT21_036718	0.0	0.0	0.0	0.0	0.0	0.0	0.0	0.0
PGT21_019702	0.0	0.0	0.0	0.0	0.0	0.0	0.0	0.0
PGT21_013233	0.0	0.0	0.0	0.0	0.0	0.0	0.0	0.0
PGT21_029965	2.072568	0.00383833333333	0.0	2.80642533333	0.274442	0.185633	0.185802666667	0.148858333333
PGT21_034786	0.0	0.0	0.0	0.0	0.0	0.0	0.0	0.0
PGT21_019290	4.69089833333	2.206017	0.0	0.0	10.7323116667	9.96062633333	7.763607	7.051499
PGT21_015897	0.0	0.0	0.0	0.0	0.0	0.0	0.0	0.0
PGT21_008097	0.0	0.0	0.0	0.0	0.0	0.0	0.0	0.0
PGT21_020360	0.0	0.0	0.0	0.0	0.0	0.0	0.0	0.0
PGT21_020647	0.0	0.0	0.0	0.0	0.0	0.0	0.0	0.0
PGT21_004331	0.0	0.0	0.0	0.0	0.0	0.0	0.0	0.0
PGT21_037044	0.0	0.0	0.0	0.0	0.0	0.0	0.0	0.0
PGT21_017224	0.0	0.0	0.0	0.0	0.0	0.0	0.0	0.0
PGT21_017494	12.8437086667	21.6997926667	0.0	9.15458	12.9602503333	12.4079683333	12.775567	11.94914
PGT21_017182	0.0339846666667	0.0	0.0	0.0	0.0	0.0	0.0	0.0
PGT21_002722	0.0	0.0	0.0	0.0	0.0	0.0	0.0	0.0
PGT21_016656	0.632343	0.0	0.0	0.0	0.0	0.0	0.0	0.0
PGT21_037429	1.40891866667	7.05880933333	2.007044	0.0	2.050281	0.653724333333	0.489048666667	0.507677
PGT21_020202	0.0	0.0	0.0	0.0	0.0	0.0	0.0	0.0
PGT21_011929	0.0	0.0	0.0	0.0	0.0	0.0	0.0	0.0
PGT21_013645	0.0	0.0	0.0	0.0	0.0	0.0	0.0	0.0
PGT21_000100	0.0	0.0	0.0	0.0	0.0	0.0	0.0	0.0
PGT21_006965	3.496874	0.0	0.0	0.0	1.400628	0.455879333333	0.400921	0.85056
PGT21_007857	3.18781466667	2.684674	0.0	4.95585566667	2.16885766667	3.61604966667	4.19682933333	5.688625
PGT21_024256	3.85258933333	0.0331703333333	0.0	0.0	0.0	2.79133466667	0.0	0.0
PGT21_031168	1.09303266667	0.988411	0.0	0.0	1.69405933333	1.795207	1.66646166667	3.40460766667
PGT21_010331	0.0864913333333	0.0	0.0	0.0	0.0	0.0	0.0	0.0
PGT21_020836	0.0	0.0	0.0	0.0	0.0	0.0	0.0	0.0
PGT21_025917	0.0	0.0	0.0	0.0	0.0	0.0	0.0	0.0
PGT21_033750	1.08333466667	0.0	0.0	0.0	0.0	0.858776333333	0.583446333333	0.731486333333
PGT21_031144	0.413315333333	1.9252	0.0	0.0	0.0	3.14418766667	12.4267626667	7.98588366667
PGT21_022505	0.0	0.030807	0.0	0.0	0.0	0.0	0.758160666667	0.339171666667
PGT21_018537	0.0	0.0	0.0	0.0	0.0	0.0	0.0	0.0
PGT21_026666	0.464074	0.0	0.0	0.0	0.0	0.0	0.534825333333	0.73911
PGT21_011259	0.417980666667	0.0	0.0	0.0	0.0	0.0	0.0	0.0
PGT21_020850	0.0	0.0	0.0	0.0	0.0	0.0	0.0	0.0
PGT21_009646	0.0	0.0	0.0	0.0	0.0	0.0	0.0	0.0
PGT21_036425	17.529338	7.714017	3.33976533333	7.35485266667	14.9988213333	14.7694363333	15.5811686667	18.97536
PGT21_035102	9.00489266667	2.41716	11.4302606667	6.864487	5.945323	8.37954966667	6.914599	7.32753633333
PGT21_022330	0.988573333333	0.0	0.0	0.0	0.0	0.0	0.31496	0.401159666667
PGT21_018069	0.0	0.0	0.0	0.0	0.0	0.0	0.0	0.0
PGT21_030870	0.0	0.0	0.0	0.0	0.0	0.0	0.0	0.0
PGT21_036014	0.0	0.0	0.0	0.0	0.0	0.0	0.0	0.0
PGT21_023117	0.0	0.0	0.0	0.0	0.0	0.0	0.0	0.0
PGT21_010977	0.0	0.0	0.0	0.0	1.07841966667	0.213923333333	0.0	0.0
PGT21_031646	0.0	0.0	0.0	0.0	0.0	0.0	0.0	0.0
PGT21_017688	0.0	0.0	0.0	0.0	0.0	0.0	0.0	0.0
PGT21_015757	2.57642466667	1.57279133333	0.0	5.77525166667	1.96811433333	4.22239566667	3.51214233333	3.077323
PGT21_019409	3.10516266667	0.0	0.0	0.0	0.0	0.0	0.0	0.497290666667
PGT21_003916	0.0	0.0	0.0	0.0	0.0	0.0	0.0	0.0
PGT21_034209	0.0	0.0	0.0	0.0	0.0	0.0	0.0	0.0
PGT21_004157	3.484459	0.210191666667	0.0	0.0	0.0	0.324474	0.0	0.453210666667
PGT21_028158	0.0396456666667	0.157102	0.0	0.0	0.0	0.0	0.0	0.0
PGT21_034709	0.733831	0.402257333333	0.0	0.0	0.0	0.0	0.0	0.0
PGT21_013714	0.0	0.0	0.0	0.0	0.0	0.0	0.0	0.0
PGT21_001146	0.0	0.0	0.0	0.0	0.0	0.0	0.0	0.0
PGT21_023750	0.0	0.0	0.0	0.0	0.0	0.0	0.0	0.0
PGT21_026416	0.0395516666667	0.0	0.0	0.0	0.0	0.0	0.0	0.0
PGT21_014084	0.467001	0.168708	0.0	0.0	1.776431	0.319329333333	1.17386366667	0.331115666667
PGT21_021489	33.8833966667	5.275283	43.69384	60.1941316667	27.8051766667	8.60939966667	6.563076	4.09979066667
PGT21_022560	0.0	0.0	0.0	0.0	0.0	0.0	0.0	0.0
PGT21_003970	6.88643533333	1.191369	0.0	0.0	0.0	0.0	0.0	0.0
PGT21_034278	0.203222	0.0	0.0	0.0	0.0	0.0	0.0	0.323469333333
PGT21_005022	0.0	0.0	0.0	0.0	7.74340533333	5.38097333333	0.0	0.0
PGT21_033544	0.0	0.0	0.0	0.0	0.0	0.0	0.0	0.0
PGT21_007125	0.0816136666667	0.0	0.0	0.0	0.0	0.0	0.0	0.0
PGT21_007902	0.994424333333	0.0	0.0	0.0	0.0	0.0	1.23953233333	1.305081
PGT21_024176	0.0	0.0	0.0	0.0	0.0	0.0	0.0	0.0
PGT21_035673	0.0	0.0	0.0	0.0	0.0	0.0	0.0	0.0
PGT21_001652	0.0	0.0	0.0	0.0	0.0	0.0	0.0	0.0
PGT21_028329	0.0	0.0	0.0	0.0	0.0	0.0	0.0	0.0
PGT21_010758	0.301379666667	0.028766	0.0	0.0	0.0	1.629056	1.09466633333	1.05035933333
PGT21_011485	0.0	0.0	0.0	0.0	0.0	0.0	0.0	0.0
PGT21_014796	7.60309366667	6.07343166667	0.0	0.0	6.11639766667	5.43538166667	5.362774	8.21958033333
PGT21_014716	0.0	0.0	0.0	0.0	0.0	0.0	0.0	0.0
PGT21_015632	0.0233733333333	0.0	0.0	0.0	0.0	0.0	0.0	0.0
PGT21_018444	0.0	0.0	0.0	0.0	0.0	0.0	0.0	0.0
PGT21_033320	1.41253366667	0.535366666667	0.0	7.13120233333	0.214214666667	0.284300333333	0.587678333333	0.620175
PGT21_026350	2.065005	0.00487333333333	0.0	0.0	0.0	0.226840333333	0.260733333333	0.601646
PGT21_037094	0.0	0.0	0.0	0.0	0.0	0.0	0.0	0.0
PGT21_017844	0.0	0.0	0.0	0.0	0.0	0.0	0.0	0.0
PGT21_023213	3.81264333333	0.673089666667	0.0	0.780012333333	0.811221	0.309386333333	0.668205666667	0.802454
PGT21_020439	1.91731466667	0.0	0.0	0.0	0.0	0.0	0.0	0.0
PGT21_016437	0.0	0.0	0.0	0.0	0.0	0.0	0.0	0.0
PGT21_013133	0.0	0.0	0.0	0.0	0.0	0.0	0.0	0.0
PGT21_007692	0.0	0.0	0.0	0.0	0.0	0.0	0.0	0.0
PGT21_011899	0.137482	0.0	0.0	4.59760166667	0.0	0.0	0.0	0.677827666667
PGT21_012805	0.0	0.0	0.0	0.0	0.0	0.0	0.0	0.0
PGT21_028664	1.19838866667	0.442726666667	0.0	0.0	0.0	0.0	0.0	4.356725
PGT21_012305	0.0	0.0	0.0	0.0	0.0	0.0	0.0	0.0
PGT21_014304	0.0	0.00822033333333	0.0	0.0	0.0	0.137928	0.0	0.0
PGT21_005852	0.0	0.0	0.0	0.0	0.0	0.0	0.0	0.0
PGT21_028307	0.0	0.0	0.0	0.0	0.0	0.0	0.0	0.0
PGT21_027268	0.071341	0.020219	0.0	0.0	0.0	0.0	0.0	0.0
PGT21_012776	0.0	0.163840333333	0.0	0.0	0.0	0.0	0.0	0.0
PGT21_011696	0.0	0.0	0.0	0.0	0.0	0.0	0.0	0.0
PGT21_034242	0.0	0.0	0.0	0.0	0.0	0.0	0.0	0.0
PGT21_037381	1.65757133333	0.0183586666667	0.0	0.0	0.0	0.0	0.0	0.0
PGT21_027206	13.138328	0.254311333333	0.0	0.0	6.24148033333	2.24385633333	1.37399166667	2.740334
PGT21_032963	0.0	0.0	0.0	0.0	0.0	0.0	0.0	0.0
PGT21_031721	0.0	0.0	0.0	0.0	0.0	0.0	0.0	0.0
PGT21_018942	10.0547906667	5.19349266667	4.945963	1.64300066667	5.62372533333	7.39090333333	6.87446133333	11.8017363333
PGT21_002448	0.0	0.0	0.0	0.0	0.0	0.0	0.0	0.0
PGT21_010974	0.0	0.0	0.0	0.0	0.0	0.0	0.0	0.0
PGT21_036766	0.0	0.0	0.0	0.0	0.0	0.0	0.0	0.0
PGT21_010364	1.37398	0.0	0.0	0.0	0.0	0.319105666667	0.0	0.231144333333
PGT21_024123	0.0	0.0	0.0	0.0	0.0	0.0	0.0	0.0
PGT21_037214	0.0	0.0	0.0	0.0	0.0	0.0	0.0	0.0
PGT21_029523	7.89988133333	5.69126966667	4.63569266667	14.45892	8.35573966667	17.443311	14.5046656667	19.7859143333
PGT21_025835	2.63473433333	0.0	0.0	0.0	1.01460333333	0.428038	0.251725333333	0.911147666667
PGT21_012327	0.056951	0.0	0.0	0.0	0.0	0.0	0.0	0.0
PGT21_004254	0.431688333333	0.0	0.0	0.0	0.875863333333	0.387184	0.146947333333	0.149785666667
PGT21_017608	0.0	0.0	0.0	0.0	0.0	0.0	0.0	0.0
PGT21_016794	0.0	0.0	0.0	0.0	0.0	0.0	0.0	0.0
PGT21_031463	0.0	0.0	0.0	0.0	0.0	0.0	0.0	0.0
PGT21_020023	0.0	0.0	0.0	0.0	0.0	0.0	0.0	0.0
PGT21_028898	2.37885866667	0.0	0.0	0.0	0.0	0.0	0.0	0.499583666667
PGT21_019869	7.784508	0.004863	0.0	0.0	0.373987333333	1.00401933333	0.786211666667	0.844991333333
PGT21_016878	0.0	0.0	0.0	0.0	0.0	0.0	0.0	0.0
PGT21_015424	0.745482666667	0.154763	0.0	0.0	1.37189666667	0.303230333333	0.913289	0.394017666667
PGT21_031152	0.266982333333	0.0	0.0	0.0	0.0	0.0	0.0	0.0
PGT21_035163	0.0	0.0	0.0	0.0	0.0	0.0	0.0	0.0
PGT21_014470	0.0	0.0	0.0	0.0	0.0	0.0	0.0	0.0
PGT21_022964	0.0953023333333	0.0	0.0	1.1109	0.0	0.0	0.176675333333	0.0
PGT21_016631	0.0	0.0	0.0	0.0	0.0	0.0	0.0	0.0
PGT21_011419	22.0967003333	2.01577766667	0.0	20.383083	18.8499146667	18.234097	16.1890846667	19.9593116667
PGT21_012201	13.0663953333	2.44366233333	0.0	1.145624	10.4977243333	8.211916	9.48314733333	11.1316706667
PGT21_023972	0.829043666667	0.571147333333	0.0	0.0	0.0	0.961888333333	0.879366333333	0.089083
PGT21_034431	0.0	0.0	0.0	0.0	0.0	0.0	0.0	0.0
PGT21_021943	0.0365883333333	1.82682866667	0.0	0.0	0.0	0.0	0.134966666667	0.236676
PGT21_009490	1.530033	0.0	0.0	0.0	0.0	0.0	0.301128	0.0
PGT21_012351	12.9723243333	5.82056733333	7.679981	0.912474666667	6.56732066667	7.88515766667	9.186192	11.8610993333
PGT21_019674	0.0	0.0	0.0	0.0	0.0	0.0	0.0	0.0
PGT21_011290	0.0	0.0	0.0	0.0	0.0	0.0	0.0	0.0
PGT21_007751	0.0	0.0	0.0	0.0	0.0	0.0	0.0	0.0
PGT21_010000	0.702713	0.0	0.0	0.0	0.0	0.0	0.0	0.0
PGT21_000722	0.0443203333333	0.0	0.0	0.0	0.0	0.0	0.0	0.0
PGT21_006043	0.0850293333333	0.0	0.0	0.0	0.0	0.0	0.0	0.0
PGT21_022544	0.0	0.0	0.0	0.0	0.0	0.0	0.0	0.0
PGT21_014885	0.429773333333	0.0	0.0	0.0	0.0	0.0	0.0	0.0
PGT21_021753	0.0762283333333	0.0	0.0	0.0	0.0	0.0	0.0	0.0
PGT21_023943	0.0	0.0	0.0	0.0	0.0	0.0	0.0	0.0
PGT21_033183	0.0	0.0	0.0	0.0	0.0	0.0	0.0	0.0
PGT21_022248	0.0	0.0	0.0	0.0	0.0	0.0	0.0	0.0
PGT21_004883	0.0	0.0	0.0	0.0	0.0	0.0	0.0	0.0
PGT21_020664	0.0	0.0	0.0	0.0	0.0	0.0	0.0	0.0
PGT21_019098	0.0	0.0	0.0	0.0	0.0	0.0	0.0	0.0
PGT21_024390	0.160447666667	0.0	0.0	0.0	0.0	0.0	0.0	0.0
PGT21_006125	2.920243	0.162316333333	0.0	0.0	0.0	0.0	0.0	0.0
PGT21_036866	0.0	0.0	0.0	0.0	0.0	0.0	0.0	0.0
PGT21_001971	0.0	0.0	0.0	0.0	10.920506	2.41375866667	0.0	0.0
PGT21_012554	0.0	0.0	0.0	0.0	0.0	0.0	0.0	0.0
PGT21_008012	0.0	0.0	0.0	0.0	0.0	0.0	0.0	0.0
PGT21_026436	0.0	0.0	0.0	0.0	0.0	0.0	0.0	0.0
PGT21_024299	0.0	0.0	0.0	0.0	0.0	0.0	0.0	0.0
PGT21_006537	0.0	0.0	0.0	0.0	0.0	0.0	0.0	0.0
PGT21_000414	0.0	0.0	0.0	0.0	0.0	0.0	0.0	0.0
PGT21_033374	0.0	0.0	0.0	0.0	0.0	0.0	0.0	0.0
PGT21_013047	0.0	0.0	0.0	0.0	0.0	0.0	0.0	0.0
PGT21_021695	14.729125	0.0	4.07261866667	0.0	0.455148	1.09234866667	0.194887666667	1.568413
PGT21_000419	0.0	0.0	0.0	0.0	0.0	0.0	0.0	0.0
PGT21_030029	0.0	0.0	0.0	0.0	0.0	0.0	0.0	0.0
PGT21_026470	0.0	0.0	0.0	0.0	0.0	0.0	0.0	0.0
PGT21_028099	0.0278873333333	0.0	0.0	0.0	0.0	0.0	0.0	0.0
PGT21_003315	0.0	0.0	0.0	0.0	0.0	0.0	0.0	0.0
PGT21_027412	0.0	0.0184006666667	0.0	0.0	0.0	0.0	0.0	0.0
PGT21_034693	0.481824333333	0.0	0.0	0.0	0.0	0.0	0.0	0.0
PGT21_002849	0.0	0.0	0.0	0.0	0.0	0.0	0.0	0.0
PGT21_019408	0.0	0.0	0.0	0.0	0.0	0.0	0.0	0.0
PGT21_014788	0.0	0.0	0.0	0.0	0.0	0.0	0.0	0.0
PGT21_021185	0.0	0.0	0.0	0.0	0.0	0.0	0.0	0.0
PGT21_026438	9.44654766667	0.00750333333333	0.0	0.0	0.470134333333	0.245937666667	0.342998333333	0.78803
PGT21_022649	1043.158057	0.0464706666667	0.0	25.396041	36.757421	24.7901716667	48.2343446667	72.461662
PGT21_013078	0.0	0.0	0.0	0.0	0.0	0.0	0.0	0.0
PGT21_023021	0.867547	0.0	0.0	0.0	0.0	0.575681333333	0.587147	1.063612
PGT21_023074	0.0	0.0	0.0	0.0	0.0	0.0	0.0	0.0
PGT21_034668	0.342651	0.0	0.0	0.0	0.0	0.0	0.0	7.43465466667
PGT21_027074	0.0	0.0	0.0	0.0	0.0	0.0	0.0	0.0
PGT21_031806	0.0	0.0	0.0	0.0	0.0	0.0	0.0	0.0
PGT21_026494	8.032951	2.86278966667	5.38373066667	6.71836466667	7.287021	8.988245	8.43206533333	11.357057
PGT21_026684	0.0	0.110686666667	0.0	0.0	0.0	0.0	0.0	0.0
PGT21_001226	0.0	0.0	0.0	0.0	0.0	0.0	0.0	0.0
PGT21_021174	0.0	0.0	0.0	0.0	0.0	0.0	0.0	0.0
PGT21_026066	0.571758666667	0.0	0.0	0.0	0.0	0.0	0.0	0.0
PGT21_018421	0.0	0.0	0.0	0.0	0.0	0.0	0.0	0.0
PGT21_001152	0.0	0.0	0.0	0.0	0.0	0.0	0.0	0.0
PGT21_021515	0.0494216666667	0.0141826666667	0.0	0.0	0.0	0.0	0.0	0.0
PGT21_032459	0.463263333333	0.0	0.0	0.0	0.0	0.0	0.0	0.0
PGT21_000564	0.0	0.0	0.0	0.0	0.0	0.0	0.0	0.0
PGT21_014737	0.0	0.0	0.0	0.0	0.0	0.0	0.0	0.0
PGT21_037565	3.236353	0.027555	0.0	0.0	0.0	0.0	0.0	0.0
PGT21_036985	0.134500666667	0.0	0.0	0.0	0.837982666667	0.332436	0.364182666667	0.0781476666667
PGT21_009932	0.0796753333333	0.0	0.0	0.0	0.0	0.0	0.0	0.0
PGT21_006370	0.0	0.0	0.0	0.0	0.0	0.0	0.0	0.0
PGT21_002401	0.0455686666667	0.0	0.0	0.0	0.0	0.0	0.0924703333333	0.0
PGT21_007314	0.0	0.0	0.0	0.0	0.0	0.0	0.0	0.0
PGT21_037095	1.39681733333	0.0	0.0	0.0	0.0	0.0	2.60366033333	0.0
PGT21_028220	0.0	0.0	0.0	0.0	0.0	0.0	0.0	0.0
PGT21_019882	3.48154666667	0.0	0.0	0.0	0.0	0.0	0.262049	0.0
PGT21_029890	0.0	0.0	0.0	0.0	0.0	0.0	0.0	0.0
PGT21_012455	0.0	0.0	0.0	0.0	0.0	0.0	0.0	0.0
PGT21_019562	0.0	0.0	0.0	0.0	0.0	0.0	0.0	0.0
PGT21_029676	0.0	0.0	0.0	0.0	0.0	0.0	0.0	0.0
PGT21_032440	8.64373033333	8.69549133333	15.544963	10.946877	4.658045	6.95524866667	8.30184833333	6.48678066667
PGT21_013479	0.690511333333	0.0	0.0	0.0	2.10032633333	0.0	0.0	0.696824
PGT21_001025	0.0	0.0196216666667	0.0	0.0	0.0	0.0	0.0	0.0
PGT21_012808	0.0	0.0	0.0	0.0	0.0	0.0	0.0	0.0
PGT21_037355	1.23009633333	0.0	0.0	0.0	3.25206733333	0.0	2.42768566667	0.0
PGT21_012777	1.35092233333	1.285541	0.0	2.11891266667	1.07033833333	0.859700333333	0.424883666667	1.89081866667
PGT21_011740	0.0	0.0	0.0	0.0	0.0	0.0	0.0	0.0
PGT21_018310	0.0652113333333	0.0	0.0	0.0	0.0	0.0	0.0	0.0
PGT21_000674	0.0	0.0	0.0	0.0	0.0	0.0	0.0	0.0
PGT21_005647	0.178477	0.0	0.0	0.0	0.0	0.0	0.0	0.0
PGT21_011788	0.0	0.0	0.0	0.0	0.0	0.0	0.0	0.0
PGT21_014207	0.0	0.0	0.0	0.0	8.54728066667	0.0	0.0	0.0
PGT21_035359	0.0	0.0	0.0	0.0	0.0	0.0	0.0	0.0
PGT21_025386	0.0	0.0	0.0	0.0	0.0	0.0	0.0	0.0
PGT21_029885	0.0	0.0	0.0	0.0	0.0	0.0	0.0	0.0
PGT21_027617	40.9787696667	26.125205	13.9022286667	30.6778956667	15.3807803333	23.0131486667	26.9639643333	44.4687916667
PGT21_018700	0.0	0.0	0.0	0.0	0.0	0.0	0.0	0.0
PGT21_034501	0.22073	0.0854846666667	0.0	0.0	0.0	0.0	1.546127	0.237912666667
PGT21_020692	0.0	0.0	0.0	0.0	0.0	0.0	0.0	0.0
PGT21_024770	0.226954	0.004234	0.0	0.0	0.0	0.148239333333	0.075596	0.125818333333
PGT21_029963	0.0	0.0	0.0	0.0	0.0	0.0	0.0	0.0
PGT21_034788	0.0	0.0	0.0	0.0	0.0	0.0	0.0	0.0
PGT21_012460	0.0	0.0	0.0	0.0	0.0	0.0	0.0	0.0
PGT21_015490	1.36513166667	0.00600133333333	0.0	0.0	0.0	0.0858183333333	0.0	0.257356666667
PGT21_022722	0.0	0.0	0.0	0.0	0.0	0.0	0.0	0.0
PGT21_020139	3.725411	0.669726333333	0.0	0.0	0.0	0.159659333333	1.06297633333	1.32395366667
PGT21_022922	0.0	0.0	0.0	0.0	0.0	0.0	0.0	0.0
PGT21_000625	0.0	0.0	0.0	0.0	0.0	0.0	0.0	0.0
PGT21_001121	0.0	0.0	0.0	0.0	0.0	0.0	0.0	0.0
PGT21_036248	0.0	0.0	0.0	0.0	0.0	0.0	0.0	0.0
PGT21_027168	0.0	0.0	0.0	0.0	0.0	0.0	0.0	0.0
PGT21_033525	0.0	0.0	0.0	0.0	0.0	0.0	0.0	0.0
PGT21_021778	0.0	0.0	0.0	0.0	0.0	0.0	0.0	0.0
PGT21_036754	0.0	0.0	0.0	0.0	0.0	0.0	0.0	0.0
PGT21_035119	0.0395663333333	0.0	0.0	0.0	0.0	0.0	0.0	0.0
PGT21_035918	0.0	0.0	0.0	0.0	0.0	0.0	0.0	0.0
PGT21_037670	2.19141833333	0.0	0.0	0.0	0.0	0.0	0.219446	0.236604666667
PGT21_034994	0.305292666667	0.0	0.0	0.0	0.0	0.0	0.0	0.0
PGT21_018118	0.0	0.0	0.0	0.0	0.0	0.0	0.0	0.0
PGT21_031840	0.0	0.0	0.0	0.0	0.0	0.0	0.0	0.0
PGT21_010414	615.049796333	46.1780433333	549.476741667	888.112248	734.441635667	676.500022333	677.683363667	474.329064667
PGT21_004017	5.61536333333	4.21021433333	5.764915	2.826036	4.85737533333	6.570602	6.304599	7.98507766667
PGT21_009303	0.102262333333	0.0	0.0	0.0	0.0	0.0	0.0654846666667	0.0
PGT21_023701	0.0	0.0	0.0	0.0	0.0	0.0	0.0	0.0
PGT21_034157	0.0	0.0	0.0	0.0	0.0	0.0	0.0	0.0
PGT21_029299	0.0	0.0	0.0	0.0	0.0	0.0	0.0	0.0
PGT21_003667	0.0	0.0	0.0	0.0	0.0	0.0	0.0	0.0
PGT21_033741	3.58885866667	1.492559	0.0	3.476105	6.46531033333	4.53354533333	5.88872333333	8.12063066667
PGT21_017485	0.635406666667	0.0	0.0	0.0	0.0	0.0	0.413177666667	0.313440666667
PGT21_028290	0.0	0.0	0.0	0.0	0.0	0.0	0.0	0.0
PGT21_025447	0.0	0.0	0.0	0.0	0.0	0.0	0.0	0.0
PGT21_029000	0.0	0.0	0.0	0.0	0.0	0.0	0.0	0.0
PGT21_034816	0.0	0.0	0.0	0.0	0.0	0.0	0.0	0.0
PGT21_021213	0.0	0.0	0.0	0.0	0.0	0.0	0.0	0.0
PGT21_011075	0.0	0.0	0.0	0.0	0.0	0.0	0.0	0.0
PGT21_023160	4.782564	0.0	0.0	0.0	0.0	0.0	4.869225	2.926908
PGT21_010896	0.0	0.0	0.0	0.0	0.0	0.0	0.0	0.0
PGT21_026473	49.7647803333	9.470904	14.515288	26.4808226667	35.5089986667	36.9989473333	34.8483646667	31.1281926667
PGT21_021834	0.0	0.0	0.0	0.0	0.0	0.0	0.0	0.0
PGT21_009250	2.914884	0.849034	0.0	0.0	0.28911	0.814780333333	1.26680966667	1.006915
PGT21_011779	18.2618276667	0.125732	14.405292	0.552232	2.004796	2.08235666667	2.069639	4.697649
PGT21_023489	5.054843	3.41945366667	16.696761	6.08965266667	2.92889966667	5.32093233333	5.46441333333	4.791349
PGT21_037471	6.01031266667	1.07994666667	2.24645633333	0.0	0.528182666667	0.416743333333	0.496898333333	1.531827
PGT21_002806	0.00899566666667	0.0	0.0	0.0	0.0	0.0	0.0	0.0
PGT21_016901	0.0	0.0	0.0	0.0	0.0	0.0	0.0	0.0
PGT21_013969	10.0282126667	1.04486066667	0.0	0.0	1.045901	1.169514	1.111148	0.0
PGT21_015969	0.0	0.0	0.0	0.0	0.0	0.0	0.0	0.0
PGT21_011313	0.0	0.0	0.0	0.0	0.0	0.0	0.0	0.0
PGT21_012510	0.0	0.0	0.0	0.0	0.0	0.0	0.0	0.0
PGT21_011868	0.0	0.0	0.0	0.0	0.0	0.0	0.0	0.0
PGT21_015925	0.0	0.0	0.0	0.0	0.0	0.0	0.0	0.0
PGT21_008953	0.0	0.0	0.0	0.0	0.0	0.0	0.0	0.0
PGT21_012794	4.186789	5.337127	6.241244	22.6002053333	13.531893	19.998971	21.7024923333	20.3599246667
PGT21_003475	0.0	0.0	0.0	0.0	0.0	0.0	0.0	0.0
PGT21_015676	0.0757176666667	0.0	0.0	0.0	0.0	0.0	0.0	0.0
PGT21_035671	604.545646333	14.1123026667	460.050735333	667.469813667	649.212802333	584.030494	548.252237	357.107975
PGT21_013796	0.50475	0.0	0.0	0.0	0.0	0.0	0.0	0.14656
PGT21_004922	20.631808	7.19543033333	7.27264433333	15.523172	11.867724	13.3402873333	11.943656	13.4300016667
PGT21_010821	8.020119	0.0791273333333	0.0	0.0	0.962652	0.551525	0.606083333333	0.922528666667
PGT21_012825	0.0	0.0	0.0	0.0	0.0	0.0	0.0	0.072787
PGT21_005889	0.0	0.0	0.0	0.0	0.0	0.0	0.0	0.0
PGT21_034293	0.0236466666667	0.0	0.0	0.0	0.0	0.0	0.0	0.0
PGT21_036654	4.66389166667	2.271004	0.974311666667	6.43882566667	3.333354	5.154267	3.983924	3.58538966667
PGT21_010128	0.0	0.0	0.0	0.0	0.0	0.0	0.0	0.0
PGT21_000635	0.0	0.0	0.0	0.0	0.0	0.0	0.0	0.0
PGT21_006014	0.0	0.0458766666667	0.0	0.0	0.0	0.0	0.0	0.0
PGT21_005639	0.0381513333333	0.0	0.0	0.0	0.0	0.256366333333	0.0	0.0
PGT21_020948	0.0	0.0	0.0	0.0	0.0	0.0	0.0	0.0
PGT21_037649	1.98705266667	0.0	0.0	0.0	0.0	0.0	0.0	0.0
PGT21_028058	3.44350133333	0.741093666667	0.0	1.00548866667	0.0	0.192500666667	1.38805133333	0.834017666667
PGT21_029392	0.0	0.0	0.0	0.0	0.0	0.0	0.0	0.0
PGT21_013225	0.0	0.0	0.0	0.0	0.0	0.0	0.0	0.0
PGT21_011549	0.0	0.0	0.0	0.0	0.0	0.0	0.0	0.0
PGT21_037212	0.0	0.0	0.0	0.0	0.0	0.0	0.139874	0.0
PGT21_035358	0.0	0.0	0.0	0.0	0.0	0.0	0.362104	0.0
PGT21_009474	0.0	0.0	0.0	0.0	0.0	0.0	0.0	0.0
PGT21_022116	0.0	0.0	0.0	0.0	0.0	0.0	0.0	0.0
PGT21_032890	0.0	0.0	0.0	0.0	0.0	0.0	0.0	0.0
PGT21_027660	0.0	0.0	0.0	0.0	0.0	0.0	0.0	0.0
PGT21_021998	2.32750333333	2.068921	1.662269	1.430877	2.76950633333	3.106509	2.00218833333	4.09557266667
PGT21_018656	0.0	0.0	0.0	0.0	0.0	0.0	0.0	0.0
PGT21_009432	0.0	0.0	0.0	0.0	0.0	0.0	0.0	0.0
PGT21_027901	0.0942776666667	0.034564	0.0	0.0	0.0	0.0	0.0	0.190324333333
PGT21_000613	0.0	0.0	0.0	0.0	0.0	0.0	0.0	0.0
PGT21_018655	0.0	0.0	0.0	0.0	0.0	0.0	0.0	0.0
PGT21_016042	0.0	0.0	0.0	0.0	0.0	0.0	0.0	0.0
PGT21_011212	0.884223	15.4916713333	9.59261466667	3.31990933333	0.247014	1.673496	0.911153	0.699348
PGT21_014922	13.3162233333	7.415727	0.0	19.023006	24.189197	19.9523783333	15.769017	14.060516
PGT21_018142	0.658639333333	0.119655	0.0	0.0	0.0	0.0	0.0	0.0
PGT21_000897	0.0	0.0	0.0	0.0	0.0	0.0	0.0	0.0
PGT21_025624	0.0	0.0	0.0	0.0	0.0	0.0	0.0	0.0
PGT21_022591	0.0	0.00984866666667	0.0	0.0	0.0	0.0	0.0	0.0
PGT21_030492	0.0	0.0	0.0	0.0	0.0	3.542582	0.0	0.0
PGT21_032597	26.7346993333	1.398858	0.0	5.62194333333	6.723337	8.34543133333	12.568186	13.1122003333
PGT21_002256	0.0	0.0	0.0	0.0	0.0	0.0	0.0	0.0
PGT21_027937	2.87925033333	1.465256	4.264344	0.669090666667	3.87255033333	6.614066	4.26097333333	5.59281466667
PGT21_026454	0.285485	0.0	0.0	0.0	0.0	0.0	0.0	0.0
PGT21_013682	46.4748983333	28.182154	28.190261	25.0632043333	36.8573426667	51.9602516667	42.8704516667	40.1262513333
PGT21_007293	1.58496966667	2.48070633333	0.0	3.657148	4.68566366667	7.59257466667	5.57939833333	4.897388
PGT21_005960	9.12366	4.81083633333	2.929651	0.459672666667	5.12169833333	6.71543733333	7.21513666667	6.47333133333
PGT21_006107	0.0	0.0	0.0	0.0	0.0	0.0	0.0	0.0
PGT21_034917	0.0	0.0	0.0	0.0	0.0	0.0	0.0	0.0
PGT21_024270	0.0	0.0	0.0	0.0	0.0	0.0	0.0	0.0
PGT21_010587	0.0	0.0	0.0	0.0	0.0	0.0	0.0	0.0
PGT21_036267	0.0	0.0	0.0	0.0	0.0	0.0	0.0	0.0
PGT21_031549	7.38538466667	0.0	0.0	0.545292333333	3.274243	1.41821866667	1.13156	1.22315966667
PGT21_012556	0.0274596666667	0.0	0.0	0.0	0.0	0.0	0.0	0.0
PGT21_015034	0.0	0.0	0.0	0.0	0.0	0.318726	0.0	0.0
PGT21_021876	0.0	0.0	0.0	0.0	0.0	0.0	0.0	0.0
PGT21_004896	0.0	0.0	0.0	0.0	0.0	0.0	0.0	0.0
PGT21_013648	0.0	0.0	0.0	0.0	0.0	0.0	0.0	0.0
PGT21_020737	0.0	0.0	0.0	0.0	0.0	0.0	0.0	0.0
PGT21_027805	0.0	0.0	0.0	0.0	0.0	0.0	0.0	0.0
PGT21_016100	0.0	0.0	0.0	0.0	0.0	0.0	0.0	0.0
PGT21_018199	1.63122833333	0.131768666667	0.0	0.0	0.0	0.0	0.0	0.0
PGT21_028903	90.1932906667	0.0122316666667	0.0	0.502705666667	3.26197566667	3.403247	4.58384266667	7.64402833333
PGT21_020841	0.0	0.0	0.0	0.0	0.0	0.0	0.0	0.0
PGT21_016953	0.0	0.0	0.0	0.0	0.0	0.0	0.0	0.0
PGT21_001433	1.04105233333	0.0	0.0	0.0	0.0	0.0	0.0	0.0
PGT21_031149	1.64132433333	3.43128566667	0.0	0.0	0.0	30.642684	26.2032523333	19.8909513333
PGT21_026046	0.0	0.0	0.0	0.0	0.0	0.0	0.0	0.0
PGT21_007700	0.0	0.0	0.0	0.0	0.0	0.0	0.0	0.0
PGT21_012253	3.37791866667	7.20636366667	0.0	0.0	12.9804566667	12.958109	11.5204846667	8.06135266667
PGT21_031170	2.537629	0.118221333333	0.0	0.0	0.0	2.44187033333	1.756726	6.13789533333
PGT21_031752	0.0	0.0	0.0	0.0	0.0	0.0	0.0	0.0
PGT21_018550	0.0	0.0	0.0	0.0	0.0	0.494188	0.0	0.0
PGT21_015098	0.0	0.0	0.0	0.0	0.0	0.0	0.0	0.0
PGT21_013052	0.0	0.0	0.0	0.0	0.0	1.072078	0.0	0.448665333333
PGT21_023163	8.29264066667	3.25928933333	3.33302133333	3.51206333333	8.08941866667	8.36703266667	7.00220866667	6.704845
PGT21_032551	0.705045333333	0.0	0.0	0.0	0.0	0.0	0.0	0.108492666667
PGT21_008814	0.0	0.0	0.0	0.0	0.0	0.0	0.0	0.0
PGT21_008849	15.069952	17.0223153333	3.86337133333	4.537689	9.24102266667	6.516316	6.354936	5.918908
PGT21_013719	0.0	0.0	0.0	0.0	0.0	0.0	0.0	0.0
PGT21_005427	5.24182666667	0.784699666667	0.0	0.0	0.0	0.0	0.0	9.371005
PGT21_015573	0.0	0.0	0.0	0.0	0.0	0.0	0.0	0.0
PGT21_032535	0.0	0.0	0.0	0.0	0.0	0.0	0.0	0.0
PGT21_001311	0.0	0.0	0.0	0.0	0.0	0.0	0.0	0.0
PGT21_009994	0.0	0.0	0.0	0.0	0.0	0.0	0.0	0.0
PGT21_004976	3.57666933333	1.08397733333	0.0	2.268192	3.29285733333	1.018792	1.98825866667	2.33604833333
PGT21_014996	0.0796403333333	0.0	0.0	0.0	0.0	0.0	0.0	0.133764
PGT21_016498	0.0	0.0	0.0	0.0	0.0	0.0	0.0	0.0
PGT21_037088	0.0	0.0	0.0	0.0	0.0	0.0	0.0	0.0
PGT21_000300	0.0	0.0	0.0	0.0	0.0	0.0	0.0	0.0
PGT21_027431	3.60752966667	5.91184466667	3.25272233333	1.034811	3.51780433333	5.32579	6.13290933333	5.14392466667
PGT21_022293	0.0518353333333	0.0	0.0	0.0	0.0	0.0	0.0	0.0
PGT21_004601	0.0	0.0	0.0	0.0	0.0	0.0	0.0	0.0
PGT21_010505	4.79861766667	10.467105	0.0	15.9680593333	0.0	4.55849766667	7.55950133333	6.19705733333
PGT21_028226	0.630912	0.0	0.0	0.0	0.0	0.818883666667	0.0	0.0
PGT21_032010	0.0	0.0	0.0	0.0	0.0	22.0213236667	0.0	0.0
PGT21_011883	0.0	0.0	0.0	4.89551466667	0.0	0.0	0.0	0.0
PGT21_027327	0.0	0.0	0.0	0.0	0.0	0.0	0.0	0.0
PGT21_015926	0.0	0.0	0.0	0.0	0.0	0.0	0.0	0.294754666667
PGT21_010639	0.0	0.0	0.0	0.0	0.0	0.0	0.0	0.0
PGT21_030134	0.474944	0.0112963333333	0.0	0.0	0.0	0.0	0.0	0.150728
PGT21_035890	0.0	0.0	0.0	0.0	0.0	0.0	0.0	0.0
PGT21_018996	1.02472133333	0.0	0.0	0.0	0.0	0.0	0.0	0.0
PGT21_022153	0.0541826666667	0.0	0.0	0.0	0.0	0.0	0.0	0.05532
PGT21_011878	0.0	0.0	0.0	0.0	0.0	0.0	0.0	0.0
PGT21_012428	0.0	0.0	0.0	0.0	0.0	0.0	0.0	0.0
PGT21_010606	6.73513133333	0.0178543333333	0.0	0.0	0.0	0.0	0.514882666667	0.476141666667
PGT21_024794	0.054467	0.0	0.0	0.0	0.0	0.0	0.0	0.0933653333333
PGT21_025078	0.0	0.0	0.0	0.0	0.0	0.0	0.0	0.0
PGT21_030941	13.1862876667	16.9749426667	21.5177823333	34.1992373333	20.8728163333	26.9218123333	24.5066756667	27.923861
PGT21_037505	2.46258466667	0.0	0.0	0.0	1.117432	0.0	0.0	0.132613
PGT21_029162	0.0	0.0	0.0	0.0	0.0	0.0	0.0	0.0
PGT21_027225	0.0	0.0	0.0	0.0	0.0	0.0	0.0	0.0
PGT21_001568	0.0	0.0	0.0	0.0	0.0	0.0	0.0	0.0
PGT21_006000	30.615711	13.5948406667	2.17265533333	15.7979023333	17.4591103333	24.9255163333	24.4553983333	40.6779083333
PGT21_030209	11.7837973333	3.944054	23.9237606667	15.75738	12.842971	13.477985	8.98529	5.33711666667
PGT21_017922	0.0	0.0	0.0	0.0	0.0	0.0	0.0	0.0
PGT21_016021	6.849811	0.409874333333	0.0	0.0	0.0	7.180876	18.2804966667	9.18446433333
PGT21_021035	0.0	0.0	0.0	0.0	0.0	0.0	0.0	0.0
PGT21_033191	0.0	0.0	0.0	0.0	0.0	0.0	0.0	0.0
PGT21_013224	0.0	0.0	0.0	0.0	0.0	0.0	0.0	0.0
PGT21_017810	2.59770033333	1.33094666667	0.0	19.255105	0.0	20.6088776667	5.69740566667	11.0531246667
PGT21_015381	0.0	0.0	0.0	0.0	0.0	0.0	0.0	0.0
PGT21_014369	0.0	0.0	0.0	0.0	0.0	0.0	0.0	0.0
PGT21_035805	0.0	0.0	0.0	0.0	0.0	0.0	0.0	0.0
PGT21_012029	0.0	0.0	0.0	0.0	0.0	0.0	0.0	0.0
PGT21_029519	0.0	0.0	0.0	0.0	0.0	0.0	0.0	0.0
PGT21_013546	0.0892286666667	0.0	0.0	0.0	0.0	0.0	0.0	0.0
PGT21_001083	0.0413393333333	0.0	0.0	0.0	0.0	0.0	0.0	0.101883666667
PGT21_030998	0.0	0.0	0.0	0.0	0.0	0.0	0.0	0.0
PGT21_000692	0.0	0.0	0.0	0.0	0.0	0.0	0.0	0.0
PGT21_010014	0.0	0.0	0.0	0.0	0.0	0.0	0.0	0.0
PGT21_009464	16.509013	0.362693666667	0.0	28.368424	0.0	7.93071266667	0.0	1.18756166667
PGT21_020220	7.50113033333	0.0	0.0	0.0	0.0	0.0	0.0	0.0
PGT21_037319	0.0896836666667	0.0	0.0	1.37578866667	0.526311333333	0.461330666667	0.756742	0.460321333333
PGT21_029057	0.0886243333333	0.019083	0.0	0.0	0.0	0.0	0.0	0.0
PGT21_015270	0.135029666667	0.0169853333333	0.0	0.0	0.0	0.0	0.0	0.0
PGT21_018870	0.0116693333333	0.0	0.0	0.0	0.0	0.0	0.0	0.0
PGT21_022920	0.072589	0.0	0.0	0.0	0.0	0.0	0.0	0.0
PGT21_000371	0.0	0.0	0.0	0.0	0.0	0.0	0.0	0.0
PGT21_003317	2.72839766667	0.662587666667	0.0	0.0	2.56475166667	3.49683433333	1.826324	3.39421866667
PGT21_037541	26.1643493333	14.5000336667	0.0	36.0951746667	38.804066	36.7165413333	28.3384266667	22.5943783333
PGT21_018760	0.0	0.0	0.0	0.0	0.0	0.0	0.0	0.0
PGT21_000487	0.0	0.0	0.0	0.0	0.0	0.0	0.0	0.0
PGT21_027921	0.0	0.0	0.0	0.0	0.0	0.0	0.0	0.0
PGT21_001532	0.0	0.0	0.0	0.0	0.0	0.0	0.0	0.0
PGT21_017313	0.0	0.0	0.0	0.0	0.0	0.0	0.0	0.0
PGT21_024991	0.0	0.0	0.0	0.0	0.0	0.0	0.0	0.0
PGT21_011965	0.0	0.0	0.0	0.0	0.0	0.0	0.0	0.0
PGT21_023844	0.0	0.0	0.0	0.0	0.0	0.0	0.0	0.0
PGT21_012626	0.0	0.0	0.0	0.0	0.0	0.0	0.0	0.0
PGT21_024271	0.0	0.0	0.0	0.0	0.0	0.0	0.0	0.0
PGT21_014406	0.0	0.0	0.0	0.0	0.0	0.0	0.0	0.0
PGT21_036978	0.128064666667	0.0	0.0	0.0	0.0	0.122205666667	0.131705333333	0.20234
PGT21_033921	0.0	0.05776	0.0	0.0	0.0	0.0	0.0	0.0
PGT21_029062	0.0	0.0	0.0	0.0	0.0	0.0	0.0	0.0
PGT21_011340	0.0	0.0	0.0	0.0	0.0	1.078821	0.676854333333	0.0
PGT21_001503	0.0	0.0	0.0	0.0	0.0	0.0	0.0	0.0
PGT21_014018	0.0	0.0	0.0	0.0	0.0	0.0	0.0	0.0
PGT21_032643	0.0	0.0	0.0	0.0	0.0	0.0	0.0	0.0
PGT21_011144	0.0484296666667	0.0	0.0	0.0	0.0	0.0	0.0	0.0
PGT21_034443	0.0	0.0	0.0	0.0	0.0	0.0	0.0	0.0
PGT21_004188	0.491164666667	1.66149166667	0.0	2.28115433333	0.0	0.499335333333	0.942215666667	0.868446666667
PGT21_034818	0.0	0.0	0.0	0.0	0.0	0.0	0.0	0.0
PGT21_018411	33.8914736667	4.83539633333	13.0412893333	15.420749	23.0163266667	26.6875366667	22.7077503333	16.494726
PGT21_007322	0.0	0.0	0.0	0.0	0.0	0.0	0.0	0.0
PGT21_037174	0.0	0.0	0.0	0.0	0.0	0.0	0.0	0.0
PGT21_011722	0.0	0.0	0.0	0.0	0.0	0.0	0.0	0.0
PGT21_015543	0.918491	0.0	0.0	0.0	0.0	0.0	0.0	0.0
PGT21_016591	0.0	0.0	0.0	0.0	0.0	0.0	0.0	0.0
PGT21_036133	0.446895	0.0	0.0	0.0	0.0	0.0	0.0	0.0
PGT21_031924	0.0	0.0	0.0	0.0	0.0	0.0	0.0	0.0
PGT21_017002	0.0	0.0	0.0	0.0	0.0	0.0	0.0	0.0
PGT21_018038	0.0	0.0	0.0	0.0	0.0	0.0	0.0	0.0
PGT21_002188	0.289878333333	0.0	0.0	0.0	0.0	0.0	0.0	0.0
PGT21_030304	8.80572766667	1.986615	3.15657533333	7.35155566667	5.089496	7.223031	5.87130033333	5.97439566667
PGT21_000412	0.110365	0.0	0.0	0.0	0.0	0.0	0.0	0.0
PGT21_017748	0.0	0.0	0.0	0.0	0.0	0.0	0.0	0.0
PGT21_023714	0.0	0.0	0.0	0.0	0.0	0.0	0.0	0.0
PGT21_023749	2.42159633333	0.0	0.0	1.161485	1.97145	0.0736526666667	0.675193	0.664343
PGT21_024457	12.5607946667	3.96622833333	4.58273466667	8.87251866667	8.06983833333	11.6644826667	14.9327726667	15.4659756667
PGT21_024172	0.0	0.0	0.0	0.0	0.0	0.0	0.0	0.0
PGT21_026976	0.0996463333333	0.0	0.0	0.0	0.0	0.0	0.0	0.0
PGT21_033987	0.0	0.0	0.0	0.0	0.0	0.0	0.0	0.0
PGT21_004648	0.0	0.0	0.0	0.0	0.0	0.0	0.0	0.0
PGT21_005814	8.59790733333	0.793387	18.1400603333	3.84734833333	8.73015366667	12.4028473333	11.212923	4.696571
PGT21_013798	0.0	0.0	0.0	0.0	0.0	0.0	0.0	0.0
PGT21_009265	0.0	0.0	0.0	0.0	0.0	0.0	0.0	0.0
PGT21_014118	6.06162533333	1.28679366667	0.0	1.85815633333	2.33425666667	5.39051466667	2.54507033333	3.91141
PGT21_020003	0.823724333333	0.289222	0.0	0.0	0.0	0.914151	0.535683333333	0.257601333333
PGT21_015616	1.212917	0.0199156666667	0.0	0.0	0.0	0.0	0.279003666667	0.253259333333
PGT21_013882	0.0	0.0	0.0	0.0	0.0	0.0	0.0	0.0
PGT21_037129	0.0	0.0	0.0	0.0	0.0	0.0	0.0	0.0
PGT21_027020	0.0	0.0	0.0	0.0	0.0	0.0	0.0	0.0
PGT21_032538	0.0	0.0	0.0	0.0	0.0	0.0	0.0	0.0
PGT21_020419	0.0	0.0	0.0	0.0	0.0	0.0	0.0	0.0
PGT21_013405	0.0	0.0	0.0	0.0	0.0	0.0	0.0	0.0
PGT21_010095	0.143669	0.0	0.0	0.0	0.0	0.0	0.0	0.0
PGT21_024147	0.0	0.0	0.0	0.0	0.0	0.0	0.0	0.0
PGT21_019120	0.0	0.0	0.0	0.0	0.0	0.0	0.0	0.0
PGT21_007297	0.0	0.0	0.0	0.0	0.0	0.0	0.0	0.0
PGT21_018811	0.0	0.0	0.0	0.0	0.0	0.0	0.0	0.0
PGT21_012410	0.0	13.8345906667	0.0	0.0	0.0	0.0	0.0	4.896403
PGT21_021327	0.0	0.0	0.0	0.0	0.0	0.0	0.0	0.0
PGT21_020926	0.0	0.0	0.0	0.0	0.0	0.0	0.0	0.0
PGT21_010546	0.0	0.0	0.0	0.0	0.0	0.0	0.0	0.0
PGT21_004376	0.0	0.0	0.0	0.0	0.0	0.0	0.0	0.0
PGT21_028073	0.0902683333333	0.0	0.0	0.0	0.0	0.0	0.0	0.0
PGT21_001623	0.0	0.0	0.0	0.0	0.0	0.0	0.0323053333333	0.0
PGT21_017811	8.63754833333	0.669646333333	0.0	0.0	0.729984	1.022069	1.850252	3.60410466667
PGT21_035848	10.3711876667	0.655196666667	3.30673133333	4.20797266667	0.697297333333	1.94824266667	2.40052733333	3.06229333333
PGT21_025977	0.720244666667	0.255253	0.0	0.0	3.351753	0.920682	0.948187333333	0.579299333333
PGT21_012403	3.60741	0.0	0.0	2.907178	1.77824933333	1.559568	0.924199333333	0.70621
PGT21_002473	0.0	0.0	0.0	0.0	0.0	0.0	0.0	0.0
PGT21_018774	0.0	0.0	0.0	0.0	0.0	0.0	0.0	0.0
PGT21_037398	0.70316	0.0	0.0	0.0	0.0	0.723090333333	1.21061733333	0.490494333333
PGT21_012652	0.0434826666667	0.0	0.0	0.0	0.0	0.0	0.0	0.0
PGT21_013861	11.024243	9.08977533333	14.414172	8.230547	7.36610933333	7.94328433333	14.883264	11.703828
PGT21_010073	0.0492976666667	0.0	0.0	0.0	0.0	0.0	0.0	0.0
PGT21_035491	0.306023	0.0	0.0	0.0	0.0	0.0	0.0	0.0
PGT21_033049	0.0	0.0	0.0	0.0	0.0	0.0	0.0	0.0
PGT21_028422	0.0	0.0	0.0	0.0	0.0	0.0	0.0	0.0
PGT21_004350	0.496998	0.0	0.0	0.0	0.0	0.0	0.158814333333	0.0242516666667
PGT21_009382	0.0	0.0	0.0	0.0	0.0	0.0	0.0	0.0
PGT21_027857	17.275733	14.028668	15.3763336667	0.0	17.4791093333	13.724949	12.3902896667	15.8835636667
PGT21_012893	0.759009666667	0.215959333333	0.0	0.0	0.0	0.129320333333	0.0	0.0
PGT21_015493	0.0	0.0	0.0	0.0	0.0	0.0	0.0	0.0
PGT21_011117	0.513415333333	0.0330083333333	0.0	0.0	0.0	0.0	0.0	0.0
PGT21_009747	0.0518443333333	0.0	0.0	0.0	0.0	0.0	0.0	0.0
PGT21_033968	0.0	0.0	0.0	0.0	0.0	0.0	0.0	0.0
PGT21_018215	3.732836	0.00378233333333	0.0	1.517989	1.698005	0.804738666667	0.865283666667	0.800456333333
PGT21_034937	2.32008266667	0.0	0.0	0.0	0.0	0.0	0.0	0.0
PGT21_034040	0.0	0.0	0.0	0.0	0.0	0.0	0.0	0.0
PGT21_024925	0.0	0.0	0.0	0.0	0.0	0.0	0.0	0.0
PGT21_013272	0.0	0.0	0.0	0.0	0.0	0.0	0.0	0.0
PGT21_033194	0.0	0.0	0.0	0.0	0.0	0.0	0.0	0.0
PGT21_019678	0.0	0.0	0.0	0.0	0.0	0.0	0.0	0.0
PGT21_016071	29.112691	0.0	0.0	0.0	3.40189166667	1.77949766667	1.04332133333	0.927266
PGT21_036777	0.137707333333	0.0	0.0	0.0	0.0	0.0	0.0	0.0
PGT21_031125	0.0	0.0	0.0	0.0	0.0	0.0	0.0	0.0
PGT21_019083	0.0	0.0	0.0	0.0	0.0	0.0	0.0	0.0
PGT21_012618	0.0	0.0	0.0	0.0	0.0	0.0	0.0	0.0
PGT21_026304	0.0	0.0	0.0	0.0	0.0	0.0	0.0	0.0
PGT21_006145	7.13772166667	4.08373033333	5.234879	0.494612333333	1.42149566667	3.21643633333	3.790407	5.82916066667
PGT21_012732	0.135878	0.071423	0.0	0.0	0.0	0.0	0.0	0.0
PGT21_030086	0.0	0.0	0.0	0.0	0.0	0.0	0.0	0.0
PGT21_024706	0.0	0.0	0.0	0.0	0.0	0.0	0.0	0.0
PGT21_011517	47.7914036667	31.006363	6.04077033333	26.3816016667	10.4820666667	21.6477253333	28.507775	32.560995
PGT21_029038	54.2099906667	0.003846	0.0	0.0	0.948125666667	3.05973066667	4.323325	11.225868
PGT21_001097	0.01184	0.0	0.0	0.0	0.0	0.0	0.0	0.0
PGT21_036245	0.588570333333	0.0	0.0	0.0	0.695590333333	0.0	0.0	0.0594783333333
PGT21_029870	0.0	0.0	0.0	0.0	0.0	0.0	0.0	0.842026333333
PGT21_031761	0.0	0.0	0.0	0.0	0.0	0.0	0.0	0.0
PGT21_017349	0.0	0.0	0.0	0.0	0.0	0.0	0.0	0.0
PGT21_021711	4.41726266667	0.698109	0.0	0.0	1.753595	0.978832	1.27813033333	2.71142933333
PGT21_011609	0.0	0.0	0.0	0.0	0.0	0.0	0.0	0.0
PGT21_019030	0.0	0.0	0.0	0.0	0.0	0.0	0.0	0.0
PGT21_021209	0.0	0.0	0.0	0.0	0.0	0.0	0.0	0.0
PGT21_020894	0.0	0.0	0.0	0.0	0.0	0.0	0.0	0.0
PGT21_026937	0.0	0.0	0.0	0.0	0.0	0.0	0.0	0.0
PGT21_032484	4.386343	0.0	0.0	3.28343766667	5.785649	2.06821533333	2.210226	1.46554066667
PGT21_010995	0.0	0.0	0.0	0.0	0.0	0.0	0.0	0.0
PGT21_013862	0.0446423333333	0.0	0.0	0.0	0.0	0.0	0.0	0.0
PGT21_035579	0.0	0.0	0.0	0.0	0.0	0.0	0.0	0.0
PGT21_012251	0.0	0.0	0.0	0.0	0.0	0.0	0.0	0.0
PGT21_008189	0.0503263333333	5.72547466667	0.0	0.929667	0.685857	1.268012	0.611077	1.82969366667
PGT21_004418	10.555094	1.74948633333	0.0	0.0	6.251218	7.039457	7.154798	6.99954633333
PGT21_028965	0.0	0.0	0.0	0.0	0.0	0.0	0.0	1.13253733333
PGT21_016948	0.0	0.0	0.0	0.0	0.0	0.0	0.0	0.0
PGT21_015540	6.48907166667	5.89471933333	0.0	3.532073	6.489719	10.4036183333	9.38371766667	12.454207
PGT21_002303	1.92492833333	0.372247	0.0	1.65793533333	0.0	0.117154666667	0.143476	0.685381333333
PGT21_015043	10.343123	0.113849333333	0.0	0.0	0.0	2.930597	0.0	0.0
PGT21_023123	0.0	0.0	0.0	0.0	0.0	0.0	0.0	0.0
PGT21_028021	0.0	0.0	0.0	0.0	0.0	0.0	0.0	0.0
PGT21_009568	11.986926	2.19610566667	0.0	5.92903733333	1.95321633333	5.84685066667	5.18320466667	7.790511
PGT21_023919	4.73454233333	1.04938933333	6.357961	2.47271966667	0.711867	2.69069366667	2.00156033333	2.699148
PGT21_015871	0.0	0.0	0.0	0.0	0.0	0.0	0.0	0.0
PGT21_036405	7.531906	3.77422166667	5.436729	0.0	0.0	2.40847533333	1.80019533333	1.987672
PGT21_021076	0.0	0.0	0.0	0.0	0.0	0.0	0.0	0.0
PGT21_012093	0.0	0.0	0.0	0.0	0.0	0.0	0.0	0.0
PGT21_014055	0.0	0.0	0.0	0.0	0.0	0.0	0.0	0.0
PGT21_023460	0.0389143333333	0.0	0.0	0.0	0.0	0.0	0.0	0.0
PGT21_000906	7.70281666667	9.286192	5.21865366667	4.74563	4.93839266667	7.87987266667	6.53685066667	12.216778
PGT21_031239	0.0	0.0	0.0	0.0	0.0	0.0	0.0	0.0
PGT21_015287	18.2543336667	10.0460656667	15.1138586667	15.4715873333	17.12205	17.8762666667	16.070324	17.8359373333
PGT21_016985	0.0	0.0	0.0	0.0	0.0	0.0	0.0	0.0
PGT21_004085	0.0	0.0	0.0	0.0	0.0	0.0	0.0	0.0
PGT21_021939	6.12401233333	7.127321	0.0	0.0	0.0	2.55730933333	3.19030266667	3.27353566667
PGT21_016399	0.0	0.0	0.0	0.0	0.0	0.0	0.0	0.0
PGT21_017778	0.0	0.0	0.0	0.0	0.0	0.0	0.0	0.0
PGT21_006740	2.792648	0.938840666667	3.11436966667	0.425157333333	2.57788866667	3.169983	2.832151	3.461858
PGT21_015637	0.0	0.0	0.0	0.0	0.0	0.0	0.0	0.0
PGT21_008437	0.0	0.0	0.0	0.0	0.0	0.0	0.0	0.0
PGT21_015904	0.0	0.0	0.0	0.0	0.0	0.0	0.0	0.0
PGT21_017962	0.0	0.0	0.0	0.0	0.0	0.0	0.0	0.0
PGT21_010396	0.0	0.007542	0.0	0.0	0.0	0.0	0.0	0.0
PGT21_034662	0.0	0.0	0.0	0.0	0.0	0.0	0.0	0.0
PGT21_001036	0.0	0.0	0.0	0.0	0.0	0.0	0.0	0.0
PGT21_021194	0.0	0.0	0.0	0.0	0.0	0.0	0.0	0.0
PGT21_015068	82.3629423333	40.8486153333	21.589729	9.17178066667	29.5713253333	29.3349673333	37.736071	45.9212756667
PGT21_030778	0.608786333333	0.0	0.0	0.0	0.0	0.367031	0.386623333333	0.277816333333
PGT21_029763	0.0	0.0	0.0	0.0	0.0	0.0	0.0	0.0
PGT21_030230	0.345003333333	0.0	0.0	0.0	5.716946	0.0	0.0	0.0
PGT21_027420	0.0	0.0	0.0	0.0	0.0	0.0	0.0	0.0
PGT21_004863	0.0	0.0	0.0	0.0	0.0	0.0	0.0	0.0
PGT21_002876	66.790303	30.986618	17.2626613333	32.9231013333	51.6939343333	51.4186696667	57.109667	50.1050986667
PGT21_022182	0.687022333333	0.208434666667	0.0	0.0	0.0	0.0	0.0	0.0
PGT21_005765	0.0	0.0	0.0	0.0	0.0	0.0	0.0	0.0
PGT21_013286	0.0	0.0	0.0	0.0	0.0	0.0	0.0	0.0
PGT21_010604	13.356009	1.41533466667	0.0	0.0	3.41081666667	4.845157	4.563066	6.07310633333
PGT21_008579	0.0	0.0	0.0	0.0	0.0	0.0	0.0	0.0
PGT21_027223	0.0	0.0	0.0	0.0	0.0	0.0	0.0	0.0
PGT21_034488	0.0	0.0	0.0	0.0	0.0	0.0	0.0	0.0
PGT21_020106	0.0	0.0	0.0	0.0	0.0	0.0	0.0	0.0
PGT21_012413	0.0	0.0	0.0	0.0	0.0	0.0	0.0	0.0
PGT21_010438	5.97018166667	0.0	0.0	0.0	9.33875066667	0.0	0.780285333333	3.67867466667
PGT21_002463	0.0	0.0	0.0	0.0	0.0	0.0	0.0	0.0
PGT21_008698	1.149842	0.0	0.0	0.0	0.0	0.0	0.0	0.0
PGT21_010549	0.0	0.0	0.0	0.0	0.0	0.0	0.0	0.0
PGT21_019232	0.0	0.0	0.0	0.0	0.0	0.0	0.0	0.0
PGT21_012400	0.0	0.0	0.0	0.0	0.0	0.0	0.0	0.0
PGT21_027740	1.10848333333	0.0897943333333	8.76153066667	0.0	1.05180166667	0.459665333333	0.0	0.0924186666667
PGT21_026830	3.71073966667	0.0	0.0	0.0	0.0	0.149688333333	0.379913666667	0.367321
PGT21_033976	61.0966976667	0.086331	0.0	0.0	0.0	0.886832333333	0.686062666667	0.979532333333
PGT21_000609	2302.037713	1.086766	2051.51563933	878.280458667	133.778551333	18.8832846667	26.5763583333	6.985874
PGT21_012136	1.29146166667	0.854374	0.0	0.0	0.485738333333	0.089723	0.112522333333	0.0
PGT21_010853	15.1996876667	29.362545	0.0	0.0	0.0	5.65929566667	1.73269366667	4.801758
PGT21_034505	0.034689	0.0	0.0	0.0	0.0	0.0	0.0	0.0
PGT21_012813	0.0	0.0	0.0	0.0	0.0	0.0	0.0	0.0
PGT21_019615	0.0	0.0	0.0	0.0	0.0	0.0	0.0	0.0
PGT21_031697	0.0	0.0	0.0	0.0	0.0	0.0	0.0	0.0
PGT21_012434	21.050632	9.599298	16.4557523333	9.79652433333	13.2433266667	16.908513	18.304633	18.5116966667
PGT21_031884	0.0	0.0	0.0	0.0	0.0	0.0	0.0	0.0
PGT21_036219	0.0	0.0	0.0	0.0	0.0	0.0	0.0	0.088032
PGT21_010341	0.828374	0.0215863333333	0.0	0.0	0.0	0.0	0.0	0.0
PGT21_035559	0.0	0.0	0.0	0.0	0.0	0.0	0.0	0.209822666667
PGT21_022828	0.372449666667	0.354451666667	0.0	0.0	0.0	0.0	0.0	0.0
PGT21_005227	0.0	0.0	0.0	0.0	0.0	0.0	0.0	0.0
PGT21_002355	0.0	0.0	0.0	0.0	0.0	0.0	0.0	0.0
PGT21_035930	0.0	0.0	0.0	0.0	0.0	0.0	0.0	0.0
PGT21_018762	0.0	0.0	0.0	0.0	0.0	0.0	0.0	0.0
PGT21_031775	0.26144	0.040855	0.0	0.0	0.0	0.0	0.0	0.0
PGT21_018584	0.0	0.0	0.0	0.0	0.0	0.0	0.0	0.0
PGT21_013634	0.0	0.0	0.0	0.0	0.0	0.0	0.0	0.0
PGT21_030457	0.0	0.0	0.0	0.0	0.0	0.0	0.0	0.0
PGT21_033723	0.0	0.0	0.0	0.0	0.0	0.0	0.0	0.0
PGT21_012491	0.0	0.0	0.0	0.0	0.0	0.207559	0.0	0.0
PGT21_018236	7.93811	0.091249	0.0	0.0	0.619642	0.358606666667	0.673224666667	0.926555
PGT21_006503	0.0	0.0	0.0	0.0	0.0	0.0	0.0	0.0
PGT21_006004	0.0	0.0	0.0	0.0	0.0	0.0	0.0	0.0
PGT21_008086	0.0	0.0	0.0	0.0	0.0	0.0	0.0	0.0
PGT21_015692	0.206679666667	0.331421	0.0	0.0	0.0	0.469421333333	0.696458666667	0.246551666667
PGT21_026039	0.152598333333	0.0	0.0	0.0	0.0	0.0	0.0	0.209211666667
PGT21_011264	45.7723076667	5.360944	12.0933736667	17.2099296667	18.1247613333	20.1619243333	21.2165623333	17.087437
PGT21_014814	0.0	0.0	0.0	0.0	0.0	0.0	0.0	0.0
PGT21_031544	0.514117666667	0.0	0.0	0.0	0.0	0.0	0.0	0.0
PGT21_009289	0.0	0.0	0.0	0.0	0.0	0.0	0.0	0.0
PGT21_022897	0.0	0.0	0.0	0.0	0.0	0.0	0.0	0.0
PGT21_021873	0.0	0.0	0.0	0.0	0.0	0.0	0.0	0.0
PGT21_016601	14.3222416667	4.62601533333	0.0	29.4903966667	23.509817	16.4742256667	17.3660703333	11.1775646667
PGT21_030387	4.424811	6.16231266667	0.0	2.96162966667	7.40663466667	6.051628	4.98408966667	6.228337
PGT21_004053	0.0	0.0	0.0	0.0	0.0	0.0	0.0	0.0
PGT21_034963	0.0	0.0	0.0	0.0	0.0	0.0	0.0	0.0
PGT21_024282	0.0	0.0	0.0	0.0	0.0	0.0	0.0	0.0
PGT21_012085	27.590311	33.5028983333	1501.20395967	169.834798	64.9707156667	162.096619333	171.501561667	289.975033333
PGT21_020730	0.0437003333333	0.800463333333	0.0	0.0	0.0	3.77363766667	1.540488	8.31180966667
PGT21_016172	0.0	0.0	0.0	0.0	0.0	0.0	0.0	0.0
PGT21_022241	0.0	0.0	0.0	0.0	0.0	0.0	0.0	0.0
PGT21_034776	0.93677	43.959468	5.63304033333	0.0	0.629537666667	0.474079333333	0.827696	0.674323333333
PGT21_013734	0.0	0.196945	0.0	0.0	0.0	2.61762433333	0.0	0.0
PGT21_016670	0.0	0.0	0.0	0.0	0.0	0.0	0.0	0.0
PGT21_001179	5.52361766667	5.618368	0.0	10.3619553333	1.70684766667	2.82222166667	3.39212066667	3.58225833333
PGT21_017578	0.0	0.0	0.0	0.0	0.0	0.0	0.0	0.0
PGT21_000104	0.0	0.0	0.0	0.0	0.0	0.0	0.0	0.0
PGT21_015514	0.0	0.0	0.0	0.0	0.0	0.0	0.0	0.0
PGT21_036077	6.25214	6.71106166667	0.0	1.10901833333	5.74183233333	4.281502	3.81649966667	5.83213533333
PGT21_020078	1.289479	0.0166206666667	0.0	0.0	0.334427	0.494472	0.270254666667	0.0693146666667
PGT21_032226	1.530306	0.00323033333333	0.0	0.0	0.487494333333	0.239142333333	0.227442	0.379449
PGT21_008813	0.0	0.0	0.0	0.0	0.0	0.0	0.0	0.0
PGT21_032185	2.64515633333	0.117766	0.0	0.0	1.67089166667	0.344072666667	1.23756066667	1.57122466667
PGT21_004557	9.921067	0.0	0.0	0.0	1.68977533333	0.853826666667	1.37812266667	1.34620633333
PGT21_001148	0.0	0.0	0.0	0.0	0.0	0.0	0.0	0.0
PGT21_014778	0.0	0.0309146666667	0.0	0.0	0.0	0.0	0.0	0.0
PGT21_021545	1.03618266667	508.655008333	6.65886133333	1.35284933333	0.431077666667	0.365452666667	0.0	0.467694666667
PGT21_033366	0.0	0.0	0.0	0.0	0.0	0.0	0.0	0.0
PGT21_000826	40.41582	22.250364	0.0	5.16860866667	9.34599	0.0	0.0	0.0
PGT21_029713	0.032608	0.0	0.0	0.0	0.0	0.0431113333333	0.0	0.016678
PGT21_001230	0.0	0.0	0.0	0.0	0.0	0.0	0.0	0.0
PGT21_010506	0.0	0.0	0.0	0.0	0.0	0.0	0.0	0.0
PGT21_019144	9.343818	3.09179433333	5.30327466667	8.981707	8.72765366667	13.525243	10.2451073333	12.3524553333
PGT21_013510	0.0	0.0	0.0	0.0	0.0	0.0	0.0	0.0
PGT21_016408	0.0	0.0	0.0	0.0	0.0	0.0	0.0	0.0
PGT21_021481	0.0	0.0	0.0	0.0	0.0	0.0	0.0	0.0
PGT21_010954	9.700816	23.1753736667	11.3788273333	5.55843633333	11.7269003333	11.1648263333	11.1998996667	12.1346893333
PGT21_013838	2.86790366667	0.485128	0.0	0.0	0.0	0.74206	0.383450333333	1.07756966667
PGT21_010171	12.6969206667	0.0138716666667	0.0	0.0	0.0	1.356198	0.744093333333	1.87595666667
PGT21_026650	0.0	0.0	0.0	0.0	0.0	0.0	0.0	0.0
PGT21_030233	19.443438	275.748263667	0.0	0.0	3.66575433333	0.801587333333	1.47113433333	6.49426666667
PGT21_012845	0.0	0.0	0.0	0.0	0.0	0.0	0.0	0.0
PGT21_027648	0.0	0.03734	0.0	0.0	0.0	0.0	0.0	0.309203333333
PGT21_028369	0.124656	0.0	0.0	0.0	0.0	0.0	0.418614	0.771308666667
PGT21_018453	0.0	0.0	0.0	0.0	0.0	0.0	0.0	0.0
PGT21_030946	11.3850933333	11.9187813333	20.1535186667	12.0504973333	20.9630306667	19.7736046667	18.0330683333	18.961751
PGT21_029671	0.0	0.0	0.0	0.0	0.0	0.0	0.0	0.0
PGT21_022083	0.69838	0.0	0.0	0.0	9.69522933333	3.64927833333	2.56551633333	0.857901666667
PGT21_008891	0.0	0.0	0.0	0.0	0.0	0.0	0.0	0.0
PGT21_013938	0.601384666667	0.06666	0.0	0.0	0.0	0.0	0.0	0.766507666667
PGT21_017155	0.0	0.0	0.0	0.0	0.0	0.0	0.0	0.0
PGT21_008514	2.29255566667	0.327857	0.0	14.5651673333	8.558949	7.45133533333	5.71914966667	7.877596
PGT21_024190	0.0	0.0	0.0	0.0	0.0	0.0	0.0	0.0
PGT21_026621	0.0	0.0	0.0	0.0	0.0	0.0	0.0	0.0
PGT21_012144	0.0	0.0	0.0	0.0	0.0	0.0	0.0	0.489051666667
PGT21_022361	0.0	0.0	0.0	0.0	0.0	0.0	0.0	0.0
PGT21_013431	0.0	0.0	0.0	0.0	0.0	0.0	0.0	0.0
PGT21_036307	0.0	0.0	0.0	0.0	0.0	0.0	0.0	0.0
PGT21_014384	0.0	0.0	0.0	0.0	0.0	0.0	0.0	0.0
PGT21_008908	0.10046	0.0	0.0	0.0	0.0	0.0	0.0	0.0
PGT21_026632	0.0	0.0	0.0	0.0	0.0	0.0	0.0	0.0
PGT21_024129	0.0	0.0	0.0	0.0	0.0	0.0	0.0	0.0
PGT21_020167	0.229131666667	0.0	0.0	0.0	0.0	0.0	0.0	0.0
PGT21_012705	0.0	0.0	0.0	0.0	0.0	0.0	0.0	0.0
PGT21_015264	17.1006733333	0.0	0.0	0.0	0.0	0.0	0.0	3.633286
PGT21_016976	0.0	0.0	0.0	0.0	0.0	0.0	0.0	0.0
PGT21_036717	0.106403333333	0.0	0.0	0.0	0.0	0.0	0.0	0.0
PGT21_035795	0.743982	0.0	0.0	0.0	0.0	0.0	0.0	0.0
PGT21_022466	0.0	0.0	0.0	0.0	0.0	0.0	0.0	0.0
PGT21_025396	0.0	0.0	0.0	0.0	0.0	0.0	0.0	0.0
PGT21_027750	0.258534	0.0	0.0	0.0	0.0	0.0	0.0	0.0
PGT21_012408	3.45552033333	2.262956	4.26652866667	0.600971666667	2.98371833333	3.59170333333	3.682185	5.43912033333
PGT21_035840	0.112468666667	0.0	0.0	0.0	0.0	0.0	0.0	0.0
PGT21_012322	0.0	0.0	0.0	0.0	0.0	0.0	0.0	0.0
PGT21_032883	0.0	0.0	0.0	0.0	0.0	0.0	0.0	0.0
PGT21_030694	0.0	0.0	0.0	0.0	0.0	0.0	0.0	0.0
PGT21_010026	9.25801533333	0.0676846666667	0.0	0.0	0.716494333333	2.41196766667	3.83505166667	7.03335466667
PGT21_019746	1.509976	0.0	0.0	0.0	0.0	0.0	0.0	0.132328333333
PGT21_012689	0.0	0.0	0.0	0.0	0.0	0.0	0.0	0.0
PGT21_006513	0.0	0.0	0.0	0.0	0.0	0.0	0.0	0.0
PGT21_019810	0.0	0.0	0.0	0.0	0.0	0.0	0.0	0.0
PGT21_013628	0.0	0.0	0.0	0.0	0.0	0.0	0.0	0.0
PGT21_005082	3.57145366667	0.865488333333	1.32269	0.0	0.714978666667	1.13058133333	1.68810333333	1.37151433333
PGT21_034840	0.565485666667	0.565372333333	0.0	0.0	0.0	3.34829633333	1.00695733333	2.23706333333
PGT21_002829	8.505499	3.85004133333	15.3739156667	7.98377	17.4419466667	11.2539393333	10.2262933333	8.314118
PGT21_012552	0.0	0.473705333333	0.0	0.0	1.22404233333	0.0	0.0	0.0
PGT21_031838	0.0	0.0	0.0	0.0	0.0	0.0	0.0	0.0
PGT21_001101	0.0	0.0	0.0	0.0	0.0	0.0	0.0	0.0
PGT21_027469	0.0	0.0	0.0	0.0	0.0	0.0	0.0	0.0
PGT21_034808	0.0	0.0	0.0	0.0	0.0	0.0	0.0	0.0
PGT21_020800	0.0	0.0	0.0	0.0	0.0	0.0	0.0	0.0
PGT21_029005	0.0	0.0	0.0	0.0	0.0	0.0	0.0	0.0
PGT21_006945	2.03841333333	3.59471	30.9199276667	6.66033333333	12.1156446667	8.47153866667	5.844559	7.72337166667
PGT21_016173	0.0	0.0	0.0	0.0	0.0	0.0	0.0	0.370361
PGT21_006941	2.33964033333	0.0	0.0	0.0	0.0	0.0	0.685184666667	0.745299
PGT21_016955	0.0	0.0	0.0	0.0	0.0	0.0	0.0	0.0
PGT21_034871	0.573681666667	0.168780333333	0.0	0.0	0.444039	0.544949333333	0.149014666667	0.233328666667
PGT21_027809	103.764431667	0.0	19.1135206667	16.6808173333	18.34975	10.41953	5.58584866667	9.07564466667
PGT21_011274	4.52155566667	0.985192333333	0.0	4.04084633333	4.35017066667	4.64301533333	5.52042766667	5.750012
PGT21_036034	0.0	0.0	0.0	0.0	0.0	0.0	0.0	0.0
PGT21_021861	0.0	0.0	0.0	0.0	0.0	0.0	0.0	0.0
PGT21_002041	0.0	0.0	0.0	0.0	0.0	0.0	0.0	0.0
PGT21_034038	0.0	0.0	0.0	0.0	0.0	0.0	0.0	0.0
PGT21_031849	0.0	0.0	0.0	0.0	0.0	0.0	0.0	0.0
PGT21_036367	0.0	0.0	0.0	0.0	0.0	0.0	0.0	0.0
PGT21_006734	7.06830233333	0.018779	4.49975733333	0.0	0.982805666667	1.16910933333	0.765102333333	0.926115333333
PGT21_033737	3.558418	0.0	0.0	0.0	0.0	0.0	0.0	3.77120266667
PGT21_004127	0.0	0.363909	0.0	0.0	0.0	0.0	1.98692633333	0.0
PGT21_017250	0.0222173333333	0.0	0.0	0.0	0.0	0.0	0.0	0.0
PGT21_022819	0.379266	0.0	0.0	0.0	0.0	0.0784723333333	0.0732423333333	0.0
PGT21_000964	0.0	0.0	0.0	0.0	0.0	0.0	0.0	0.0
PGT21_017727	0.0	0.0	0.0	0.0	0.0	0.0	0.0	0.0
PGT21_019010	0.0	0.0	0.0	0.0	0.0	0.0	0.0	0.0935866666667
PGT21_013995	0.0	0.0	0.0	0.0	0.0	0.0	0.0	0.0
PGT21_004843	43.53511	17.1328763333	5.72022433333	6.22768733333	10.8111076667	21.2345386667	18.2671043333	23.7794996667
PGT21_001315	4.720707	0.127781	1.142637	3.62403666667	0.565365666667	1.69572033333	1.52232733333	1.94807733333
PGT21_014779	0.161567333333	0.0	0.0	0.0	0.0	0.0	0.0	0.565917
PGT21_021996	0.093194	0.455663	0.0	0.0	0.0	0.0	0.0	0.0314223333333
PGT21_010236	0.0	0.0	0.0	0.0	0.0	0.0	0.0	0.0
PGT21_009894	9.90082766667	2.335136	8.01583	6.976168	7.05003066667	10.099438	9.42610233333	9.00426266667
PGT21_036562	0.0	0.0	0.0	0.0	0.0	0.0	0.0	0.0
PGT21_011621	0.290791666667	0.0	0.0	0.0	0.0	0.0	0.0	0.238462
PGT21_016525	4.372426	0.0	0.0	0.0	0.0	0.0	4.38171166667	1.66200466667
PGT21_010501	0.065614	0.0	0.0	0.0	0.0	0.0	0.0	0.0
PGT21_001442	0.0	0.0	0.0	0.0	0.0	0.0	0.0	0.0
PGT21_034660	0.0	0.0	0.0	0.0	0.0	0.0	0.0	0.0
PGT21_021922	0.0	0.0	0.0	0.0	0.0	0.0	0.0	0.0
PGT21_009898	0.0	0.0	0.0	0.0	0.0	0.0	0.0	0.0
PGT21_018375	3.55491433333	3.17061533333	1.26889766667	3.24176933333	2.95780233333	6.020515	4.98980366667	8.091483
PGT21_027023	0.0	0.0	0.0	0.0	0.0	0.0	0.0	0.0
PGT21_013038	0.0	1.76705733333	0.0	0.0	0.0	0.0	0.0	0.0
PGT21_019953	0.206053333333	0.0	0.0	0.0	0.0	0.492200333333	0.0	0.0
PGT21_022707	0.0	0.0	0.0	0.0	0.0	0.0	0.0	0.285486666667
PGT21_032428	0.0	0.0	0.0	0.0	0.0	0.0	1.056168	1.07656866667
PGT21_013500	0.0	0.0	0.0	0.0	0.0	0.0	0.0	0.0
PGT21_016295	0.99388	0.0	0.0	0.0	0.0	0.0	0.0	0.0
PGT21_022082	0.0	0.0	0.0	0.0	0.0	0.0	0.0	0.0
PGT21_022184	0.0	0.0	0.0	0.0	0.0	0.0	0.0	0.0
PGT21_030221	0.0	0.0	0.0	0.0	0.0	0.0	0.0	0.0
PGT21_031251	0.0517903333333	0.0	0.0	0.0	0.0	0.0	0.0	0.094482
PGT21_000540	0.0	0.0	0.0	0.0	0.0	0.0	0.0	0.0
PGT21_009130	0.815776333333	0.0	0.0	0.0	0.0	0.630169666667	0.0	0.676709
PGT21_004947	0.468028	0.059338	0.0	4.577624	3.55068233333	2.89877566667	2.905488	1.922387
PGT21_024750	0.0	0.0	0.0	0.0	0.0	0.0	0.0	0.0
PGT21_035366	0.244388333333	0.00917566666667	0.0	0.0	0.0	0.0	0.0	0.725189
PGT21_017665	0.0	0.0	0.0	0.0	0.0	0.0	0.0	0.0
PGT21_020416	0.0	0.0440223333333	0.0	0.0	0.0	0.0	0.0	0.0
PGT21_009183	0.0	0.0	0.0	0.0	0.0	0.0	0.0	0.0
PGT21_010029	0.0	0.0	0.0	0.0	0.0	0.0	0.0	0.0
PGT21_016839	0.0	0.0	0.0	0.0	0.0	0.0	0.0	0.0
PGT21_019229	0.0	0.0	0.0	0.0	0.0	0.0	0.0	0.0
PGT21_001352	0.271169333333	0.0	0.0	0.0	0.0	0.0	0.0	0.0
PGT21_032034	1.67961233333	0.799778666667	0.0	0.0	0.259897333333	0.529669666667	0.963130333333	1.59697666667
PGT21_005247	0.0	0.0	0.0	0.0	0.0	0.0	0.0	0.0
PGT21_011872	0.0	0.0	0.0	0.0	0.0	0.0	0.0	0.0
PGT21_018958	0.0	0.0	0.0	0.0	0.0	0.0	0.0	0.0
PGT21_035026	48.131808	0.587925333333	23.5972316667	0.0	8.20496066667	6.544329	6.500885	7.588534
PGT21_009149	0.211129	0.0107043333333	0.0	0.0	0.0	0.0	0.0	0.0
PGT21_013262	0.0	0.0	0.0	0.0	0.0	0.0	0.0	1.55236866667
PGT21_016871	0.0	0.0	0.0	0.0	0.0	0.0	0.0	0.0
PGT21_031000	1.88838266667	0.386150333333	0.0	0.0	0.0	28.6408906667	8.63112333333	4.43498366667
PGT21_024718	0.0	0.0	0.0	0.0	0.0	0.0	0.0	0.0
PGT21_027606	0.0	0.007121	0.0	0.0	0.0	0.0	0.0	0.0
PGT21_002111	0.0	0.004619	0.0	0.0	0.0	0.0	0.0	0.0
PGT21_016196	0.0	0.0	0.0	0.0	0.0	0.0	0.0	0.0
PGT21_031567	0.0	0.0	0.0	0.0	0.0	0.0	0.0	0.0
PGT21_024202	2.03175733333	0.0	0.0	0.0	0.0	0.0	0.215349	0.845793666667
PGT21_019653	0.0	0.0	0.0	0.0	0.0	0.0	0.0	0.0
PGT21_031470	3.852045	0.870507	0.0	0.733491333333	2.320484	3.53209	3.34520166667	3.94348166667
PGT21_019786	0.0	0.0	0.0	0.0	0.0	0.0	0.0	0.0
PGT21_028685	0.0	0.0	0.0	0.0	0.0	0.0	0.0	0.0
PGT21_027895	0.0	0.0	0.0	0.0	0.0	0.0	0.0	0.0
PGT21_019080	0.0	0.0	0.0	0.0	0.0	0.0	0.0	0.0
PGT21_035168	0.0	0.0	0.0	0.0	0.0	0.0	0.0	0.0
PGT21_001134	0.0	0.0	0.0	0.0	0.0	0.0	0.0	0.0
PGT21_019844	0.0	0.0	0.0	0.0	0.0	0.0	0.0	0.0
PGT21_025563	7.79303366667	0.011794	0.0	0.0	1.069148	1.01332533333	0.420396	0.996216
PGT21_035592	0.0	0.0	0.0	0.0	0.0	0.0	0.0	0.0
PGT21_018261	0.0225896666667	0.0	0.0	0.0	0.0	0.0	0.0	0.0
PGT21_018112	0.047712	0.0	0.0	0.0	0.0	0.0	0.0	0.0
PGT21_021217	0.0	0.0	0.0	0.0	0.0	0.0	0.0	0.0
PGT21_011262	0.0	0.0	0.0	0.0	0.0	0.0	0.0	0.0
PGT21_015690	0.0	0.0	0.0	0.0	0.0	0.0	0.0	0.0
PGT21_013752	0.0	0.0	0.0	0.0	0.0	0.0	0.0	0.0
PGT21_036519	0.0406386666667	0.0	0.0	0.0	0.0	0.0	0.0	0.0
PGT21_012356	21.0438516667	5.73848733333	11.3896636667	16.8751273333	15.3265653333	15.9476613333	14.8496963333	16.7890416667
PGT21_028417	9.062274	36.5838936667	17.9682446667	3.24883933333	8.04101166667	7.04787366667	6.27298133333	10.872411
PGT21_031151	2.77772333333	2.803364	0.0	0.0	0.0	0.0	9.73845033333	29.4132696667
PGT21_024268	0.0	0.0	0.0	0.0	0.0	0.0	0.0	0.0
PGT21_036271	0.0	0.0	0.0	0.0	0.0	0.0	0.0	0.0
PGT21_036961	13.325501	0.0	0.0	0.0	0.0	0.0	0.0	25.4505663333
PGT21_036874	0.0	0.0	0.0	0.0	0.0	0.0	0.0	0.0
PGT21_000712	0.0	0.0	0.0	0.0	0.0	0.0	0.0	0.0
PGT21_008193	0.0	0.0	0.0	0.0	0.0	0.0	0.0	0.0
PGT21_003892	22.2899323333	0.129305	0.0	0.0	3.71921133333	3.00132	3.13662433333	6.025698
PGT21_032616	0.0	0.0	0.0	0.0	0.0	0.0	0.0	0.0
PGT21_021235	0.0	0.0	0.0	0.0	0.0	0.0	0.0	0.0
PGT21_005448	0.0	0.0	0.0	0.0	0.0	0.0	0.0	0.0
PGT21_034225	0.0232093333333	0.0	0.0	0.0	0.0	0.0	0.0	0.0
PGT21_024340	0.0	0.0	0.0	7.61267933333	0.0	0.0	0.0	0.908176666667
PGT21_013057	0.501809666667	0.0	0.0	0.0	0.0	0.0	0.0	0.901021666667
PGT21_031894	0.065044	0.0	0.0	0.0	0.0	0.0	0.0	0.0
PGT21_023106	0.0	0.0	0.0	0.0	0.0	0.0	0.0	0.684993666667
PGT21_016992	0.509499333333	0.0	0.0	0.0	0.0	0.0	0.0	0.0
PGT21_021667	0.0352606666667	0.0	0.0	0.0	0.0	0.0	0.0	0.0980966666667
PGT21_033019	0.0	0.0	0.0	0.0	0.0	0.0	0.0	0.0
PGT21_008414	0.305665	0.09069	0.0	0.0	0.0	1.34325266667	0.0	0.0
PGT21_021852	3.22504633333	1.73950666667	3.41083633333	1.48735666667	3.05949	6.051413	5.953368	7.491527
PGT21_030599	0.0	0.0	0.0	0.0	0.0	0.0	0.0	0.0
PGT21_020918	0.0	0.0	0.0	0.0	0.0	0.0	0.0	0.0
